239Es  239   99    1    0    1    1    0.000000    1.011000
  1   0.000000  -1.0  0  1.000E+00  0                            3 ?  0.0000E+00 %A      ?  0.0000E+00 %EC+%B+ ?  0.0000E+00 %SF                                                                                                                                                                0.000000       
240Es  240   99    1    0    1    1    7.429000    1.359000
  1   0.000000  -1.0  0  1.000E+00  0                            2 ?  0.0000E+00 %A      ?  0.0000E+00 %EC+%B+                                                                                                                                                                                  0.000000       
241Es  241   99    1    0    1    1    8.407000    1.417000
  1   0.000000   1.5 -1  1.000E+01  0                    (3/2-)  2 ?  0.0000E+00 %A      ?  0.0000E+00 %EC+%B+                                                                                                                                                                                  0.000000       
242Es  242   99    1    0    1    1    7.133000    1.814000
  1   0.000000  -1.0  0  1.780E+01  0                            3 =  5.7000E+01 %A      =  4.3000E+01 %EC+%B+ =  6.0000E-01 %B+SF                                                                                                                                                              0.000000       
243Es  243   99    1    0    1    1    8.125000    1.929000
  1   0.000000   3.5  1  2.160E+01  0                    (7/2+)  3 =  6.1000E+01 %A      =  3.9000E+01 %EC+%B+ <  1.0000E+00 %SF                                                                                                                                                                0.000000       
244Es  244   99    3    0    1    1    6.793000    2.253000
  1   0.000000  -1.0  0  3.700E+01  0                            3 =  5.0000E+00 %A      =  1.0000E-02 %B+SF   ?  0.0000E+00 %EC+%B+                                                                                                                                                            0.000000       
  2   0.200000  -1.0  0             0                            0                                                                                                                                                                                                                              0.000000       
  3   0.240000  -1.0  0             0                            0                                                                                                                                                                                                                              0.000000       
245Es  245   99    4    2    1    1    7.731000    2.401000
  1   0.000000   1.5 -1  6.600E+01  0                    (3/2-)  2 =  4.0000E+01 %A      ?  0.0000E+00 %EC+%B+                                                                                                                                                                                  0.000000       
  2   0.330000   3.5  1             0   X                  7/2+  0                                                                                                                                                                                                                              0.330000       
  3   0.382800  -1.0  0             0   X                        0                                                                                                                                                                                                                              0.330000       
  4   0.583200   3.5 -1             2   X                  7/2-  0                                                                                                                                                                                                                              0.330000       
                                          3     0.2004  1.579E-01  1.579E-01  0.000E+00
                                          2     0.2532  7.893E-01  8.421E-01  6.700E-02
246Es  246   99    1    0    1    1    6.537000    2.773000
  1   0.000000   4.0 -1  4.500E+02  0   X                   4-#  3 =  9.0100E+01 %EC+%B+ =  9.9000E+00 %A      AP 3.0000E-03 %B+SF                                                                                                                                                              0.000000       
247Es  247   99    1    0    1    1    7.394000    2.800870
  1   0.000000   3.5  1  2.730E+02  0                    (7/2+)  3 AP 9.3000E+01 %EC+%B+ AP 7.0000E+00 %A      AP 9.0000E-05 %SF                                                                                                                                                                0.000000       
248Es  248   99    1    0    1    1    6.350000    3.094000
  1   0.000000   2.0 -1  1.440E+03  0                       2-#  3 AP 1.0000E+02 %EC+%B+ AP 2.5000E-01 %A      =  3.0000E-05 %B+SF                                                                                                                                                              0.000000       
249Es  249   99    2    1    1    1    7.196000    3.352000
  1   0.000000   3.5  1  6.132E+03  0                      7/2+  2 AP 1.0000E+02 %EC+%B+ =  5.7000E-01 %A                                                                                                                                                                                       0.000000       
  2   0.353200  -1.0  0             1               (7/2-,9/2-)  0                                                                                                                                                                                                                              0.000000       
                                          1     0.3532  9.677E-01  1.000E+00  3.340E-02
250Es  250   99    2    0    1    1    6.021000    3.786000
  1   0.000000   6.0  1  3.096E+04  0                      (6+)  2 >  9.7000E+01 %EC+%B+ ?  0.0000E+00 %A                                                                                                                                                                                       0.000000       
  2   0.200000   1.0 -1  7.992E+03  0   X                  1(-)  1 =  1.0000E+02 %EC                                                                                                                                                                                                            0.200000       
251Es  251   99   24   38    1    1    6.784000    3.947080
  1   0.000000   1.5 -1  1.188E+05  0                      3/2-  2 =  5.0000E-01 %A      ?  0.0000E+00 %EC                                                                                                                                                                                      0.000000  0    
  2   0.008400   3.5  1             1                    (7/2+)  0                                                                                                                                                                                                                              0.000000  1    
                                          1     0.0083  2.169E-09  1.000E+00  4.610E+08
  3   0.031700   2.5 -1             0                      5/2-  0                                                                                                                                                                                                                              0.000000  0    
  4   0.055800   4.5  1             1                    (9/2+)  0                                                                                                                                                                                                                              0.000000  1    
                                          2     0.0475  9.259E-03  1.000E+00  1.070E+02
  5   0.076200   3.5 -1             0                      7/2-  0                                                                                                                                                                                                                              0.000000  0    
  6   0.114100   5.5  1             0                   (11/2+)  0                                                                                                                                                                                                                              0.000000  1    
  7   0.182500   6.5  1             0                   (13/2+)  0                                                                                                                                                                                                                              0.000000  1    
  8   0.263000   7.5  1             0                   (15/2+)  0                                                                                                                                                                                                                              0.000000  1    
  9   0.411000   0.5 -1             0                    (1/2-)  0                                                                                                                                                                                                                              0.000000  2    
 10   0.452000   2.5 -1             0                    (5/2-)  0                                                                                                                                                                                                                              0.000000  2    
 11   0.461500   3.5 -1             4                      7/2-  0                                                                                                                                                                                                                              0.000000  3    
                                          5     0.3853  1.076E-02  2.085E-02  9.380E-01
                                          4     0.4056  3.483E-01  3.755E-01  7.800E-02
                                          3     0.4297  2.920E-02  4.526E-02  5.500E-01
                                          2     0.4531  5.123E-01  5.584E-01  9.000E-02
 12   0.515500  -1.0  0             0                            0                                                                                                                                                                                                                              0.000000       
 13   0.523900   4.5 -1             0                    (9/2-)  0                                                                                                                                                                                                                              0.000000  3    
 14   0.548000  -1.0  0             0               (7/2-,9/2-)  0                                                                                                                                                                                                                              0.000000  2    
 15   0.661000   0.5  1             0                    (1/2+)  0                                                                                                                                                                                                                              0.000000  4    
 16   0.778000   4.5  1             3                    (9/2+)  0                                                                                                                                                                                                                              0.000000  5    
                                          6     0.6640  3.010E-02  3.372E-02  1.200E-01
                                          4     0.7221  1.470E-01  1.661E-01  1.300E-01
                                          2     0.7696  7.001E-01  8.001E-01  1.429E-01
 17   0.889100   5.5  1             4                   (11/2+)  0                                                                                                                                                                                                                              0.000000  6    
                                          7     0.7063  8.128E-03  9.591E-03  1.800E-01
                                          6     0.7750  2.830E-02  3.067E-02  8.360E-02
                                          4     0.8333  2.105E-01  2.189E-01  4.000E-02
                                          2     0.8808  7.257E-01  7.409E-01  2.090E-02
 18   0.942000   6.5  1             0                   (13/2+)  0                                                                                                                                                                                                                              0.000000  5    
 19   0.957500   6.5  1             4                   (13/2+)  0                                                                                                                                                                                                                              0.000000  6    
                                          8     0.6945  4.811E-02  5.345E-02  1.111E-01
                                          7     0.7750  1.283E-01  1.390E-01  8.360E-02
                                          6     0.8434  3.688E-01  3.972E-01  7.700E-02
                                          4     0.9016  4.009E-01  4.103E-01  2.342E-02
 20   1.239000   5.5  1             7                   (11/2+)  0                                                                                                                                                                                                                              0.000000       
                                         19     0.2814  2.912E-02  8.678E-02  1.980E+00
                                         17     0.3499  3.386E-01  7.527E-01  1.223E+00
                                         16     0.4610  3.725E-02  5.863E-02  5.740E-01
                                          7     1.0562  2.370E-03  2.460E-03  3.780E-02
                                          6     1.1249  1.117E-02  1.153E-02  3.220E-02
                                          4     1.1830  2.980E-02  3.064E-02  2.830E-02
                                          2     1.2306  5.655E-02  5.725E-02  1.246E-02
 21   1.264900   5.5  1             6                   (11/2+)  0                                                                                                                                                                                                                              0.000000       
                                         19     0.3074  3.732E-02  9.144E-02  1.450E+00
                                         17     0.3758  3.848E-01  7.714E-01  1.005E+00
                                         16     0.4871  1.154E-02  1.482E-02  2.840E-01
                                          6     1.1510  1.577E-02  1.625E-02  3.040E-02
                                          4     1.2091  3.655E-02  3.753E-02  2.680E-02
                                          2     1.2566  6.772E-02  6.853E-02  1.196E-02
 22   1.301400  -1.0  0             2           (7/2+,9/2,11/2)  0                                                                                                                                                                                                                              0.000000       
                                          4     1.2456  1.379E-01  1.379E-01  0.000E+00
                                          2     1.2930  8.621E-01  8.621E-01  0.000E+00
 23   1.307200  -1.0  0             3          (7/2+,9/2,11/2+)  0                                                                                                                                                                                                                              0.000000       
                                          6     1.1930  1.265E-01  1.265E-01  0.000E+00
                                          4     1.2512  2.711E-01  2.711E-01  0.000E+00
                                          2     1.2988  6.024E-01  6.024E-01  0.000E+00
 24   1.357000  -1.0  0             3          (7/2+,9/2,11/2+)  0                                                                                                                                                                                                                              0.000000       
                                          6     1.2428  2.833E-01  2.833E-01  0.000E+00
                                          4     1.3012  5.382E-01  5.382E-01  0.000E+00
                                          2     1.3486  1.785E-01  1.785E-01  0.000E+00
252Es  252   99    8    4    1    1    5.288980    4.129370
  1   0.000000   4.0  1  4.075E+07  0                      (4+)  2 =  7.8000E+01 %A      =  2.2000E+01 %EC                                                                                                                                                                                      0.000000       
  2   0.092000  -1.0  0             0                            0                                                                                                                                                                                                                              0.000000       
  3   0.157000  -1.0  0             0                            0                                                                                                                                                                                                                              0.000000       
  4   0.234000  -1.0  0             0                            0                                                                                                                                                                                                                              0.000000       
  5   0.309000  -1.0  0             0                            0                                                                                                                                                                                                                              0.000000       
  6   0.430000  -1.0  0             1                            0                                                                                                                                                                                                                              0.000000       
                                          5     0.1228  1.000E+00  1.000E+00  0.000E+00
  7   0.536000   1.0 -1             2                      (1-)  0                                                                                                                                                                                                                              0.000000       
                                          6     0.0994  0.000E+00  0.000E+00  0.000E+00
                                          3     0.3785  0.000E+00  0.000E+00  0.000E+00
  8   0.600000  -1.0  0             1                            0                                                                                                                                                                                                                              0.000000       
                                          3     0.4450  1.000E+00  1.000E+00  0.000E+00
253Es  253   99    8    5    1    1    6.355400    4.313050
  1   0.000000   3.5  1  1.769E+06  0                      7/2+  2 =  1.0000E+02 %A      =  1.0000E-05 %SF                                                                                                                                                                                      0.000000  0    
  2   0.046300   4.5  1             1                    (9/2+)  0                                                                                                                                                                                                                              0.000000  0    
                                          1     0.0464  1.961E-03  1.000E+00  5.090E+02
  3   0.080000   5.5  1             0                   (11/2+)  0                                                                                                                                                                                                                              0.000000  0    
  4   0.106000  -1.0  0             0                            0                                                                                                                                                                                                                              0.000000       
  5   0.139000   2.5 -1             0                    (5/2-)  0                                                                                                                                                                                                                              0.000000  1    
  6   0.181300   3.5 -1             1                    (7/2-)  0                                                                                                                                                                                                                              0.000000  1    
                                          1     0.1813  6.911E-01  1.000E+00  4.470E-01
  7   0.371400   3.5 -1             2                    (7/2-)  0                                                                                                                                                                                                                              0.000000  2    
                                          2     0.3251  1.634E-01  1.768E-01  8.220E-02
                                          1     0.3714  7.781E-01  8.232E-01  5.790E-02
  8   0.435000   4.5 -1             1                    (9/2-)  0                                                                                                                                                                                                                              0.000000  2    
                                          2     0.3885  9.509E-01  1.000E+00  5.160E-02
254Es  254   99   10   15    1    1    5.091260    4.599940
  1   0.000000   7.0  1  2.382E+07  0                      (7+)  4 AP 1.0000E+02 %A      =  3.0000E-02 %EC     =  1.7400E-04 %B-     <  3.0000E-06 %SF                                                                                                                                          0.000000  0    
  2   0.080100   8.0  1             1                      (8+)  0                                                                                                                                                                                                                              0.000000  0    
                                          1     0.0801  2.000E-02  1.000E+00  4.900E+01
  3   0.084200   2.0  1  1.415E+05  0                        2+  5 =  9.8000E+01 %B-     =  3.0000E+00 %IT     =  3.2000E-01 %A      =  7.6000E-02 %EC     =  4.5000E-02 %SF                                                                                                                    0.000000       
  4   0.171100   9.0  1             2                      (9+)  0                                                                                                                                                                                                                              0.000000  0    
                                          2     0.0910  2.584E-02  6.720E-01  2.500E+01
                                          1     0.1711  9.940E-02  3.280E-01  2.300E+00
  5   0.214700  -1.0  0             1                            0                                                                                                                                                                                                                              0.000000       
                                          1     0.2147  2.857E-01  1.000E+00  2.500E+00
  6   0.289900   7.0  1             0                      (7+)  0                                                                                                                                                                                                                              0.000000       
  7   0.376800   8.0  1             4                      (8+)  0                                                                                                                                                                                                                              0.000000       
                                          6     0.0869  1.507E-02  4.671E-01  3.000E+01
                                          4     0.2057  3.315E-02  1.392E-01  3.200E+00
                                          2     0.2967  1.507E-01  3.165E-01  1.100E+00
                                          1     0.3768  4.822E-02  7.715E-02  6.000E-01
  8   0.403800  -1.0  0             1                            0                                                                                                                                                                                                                              0.000000       
                                          5     0.1891  2.222E-01  1.000E+00  3.500E+00
  9   0.447900   8.0 -1             4                      (8-)  0                                                                                                                                                                                                                              0.000000       
                                          7     0.0711  4.621E-02  6.313E-02  3.660E-01
                                          4     0.2768  1.167E-01  1.232E-01  5.560E-02
                                          2     0.3678  5.777E-01  5.955E-01  3.080E-02
                                          1     0.4479  2.137E-01  2.182E-01  2.090E-02
 10   0.469200  -1.0  0             2                  (7+:10+)  0                                                                                                                                                                                                                              0.000000       
                                          4     0.2981  1.958E-01  3.877E-01  9.800E-01
                                          2     0.3891  4.166E-01  6.123E-01  4.700E-01
255Es  255   99    1    0    1    1    5.972640    4.541100
  1   0.000000   3.5  1  3.439E+06  0                    (7/2+)  3 =  9.2000E+01 %B-     =  8.0000E+00 %A      =  4.1000E-03 %SF                                                                                                                                                                0.000000       
256Es  256   99    2    0    1    1    4.974000    4.911000
  1   0.000000  -1.0  0  1.524E+03  0                   (1+,0-)  1 =  1.0000E+02 %B-                                                                                                                                                                                                            0.000000       
  2   0.100000   8.0  1  2.736E+04  0   X                  (8+)  2 =  1.0000E+02 %B-     =  2.0000E-03 %B-SF                                                                                                                                                                                    0.100000       
257Es  257   99    1    0    1    1    5.855000    4.926000
  1   0.000000   3.5  1  6.653E+05  0                     7/2+#  2 =  1.0000E+02 %B-     =  4.0000E-04 %A                                                                                                                                                                                       0.000000       
258Es  258   99    1    0    1    1    4.773000    0.000000
  1   0.000000  -1.0  0  1.800E+02  0                            2 ?  0.0000E+00 %B-     ?  0.0000E+00 %A                                                                                                                                                                                       0.000000       
