255Db  255  105    1    0    1    1    0.000000    0.895000
  1   0.000000  -1.0  0  1.700E+00  0                            2 AP 2.0000E+01 %SF     ?  0.0000E+00 %A                                                                                                                                                                                       0.000000       
256Db  256  105    1    0    1    1    7.166000    1.120000
  1   0.000000  -1.0  0  1.700E+00  0                            3 =  7.0000E+01 %A      =  3.6000E+01 %EC+%B+ ?  0.0000E+00 %SF                                                                                                                                                                0.000000       
257Db  257  105    5    4    1    1    8.363000    1.304000
  1   0.000000   4.5  1  2.300E+00  0                    (9/2+)  3 >  9.4000E+01 %A      <  6.0000E+00 %SF     =  1.0000E+00 %EC+%B+                                                                                                                                                            0.000000       
  2   0.250000   3.5 -1             0                    (7/2-)  0                                                                                                                                                                                                                              0.000000       
  3   0.370000   0.5 -1  6.700E-01  0                    (1/2-)  2 =  8.7000E+01 %A      =  1.3000E+01 %SF                                                                                                                                                                                      0.000000       
  4   0.470000   1.5 -1             1                    [3/2-]  0                                                                                                                                                                                                                              0.000000       
                                          3     0.1000  1.000E+00  1.000E+00  0.000E+00
  5   0.600000   2.5 -1             3                    (5/2-)  0                                                                                                                                                                                                                              0.000000       
                                          4     0.1600  0.000E+00  0.000E+00  0.000E+00
                                          3     0.2300  0.000E+00  0.000E+00  0.000E+00
                                          2     0.3500  0.000E+00  0.000E+00  0.000E+00
258Db  258  105    6    1    1    1    6.481000    1.358000
  1   0.000000  -1.0  0  4.500E+00  0                            3 =  6.3000E+01 %A      =  3.7000E+01 %EC+%B+ <  1.0000E+00 %SF                                                                                                                                                                0.000000       
  2   0.060000   1.0 -1  1.900E+00  0   X                  (1-)  2 =  6.4000E+01 %A      =  3.6000E+01 %EC+B+                                                                                                                                                                                   0.060000       
  3   0.156500  -1.0  0             1                  (4:7)(-)  0                                                                                                                                                                                                                              0.000000       
                                          1     0.1565  1.000E+00  1.000E+00  0.000E+00
  4   0.222000  -1.0  0             0                            0                                                                                                                                                                                                                              0.000000       
  5   0.358000  -1.0  0             0                            0                                                                                                                                                                                                                              0.000000       
  6   0.480000  -1.0  0             0                            0                                                                                                                                                                                                                              0.000000       
259Db  259  105    1    0    1    1    7.877000    1.638990
  1   0.000000   4.5  1  5.100E-01  0                     9/2+#  1 =  1.0000E+02 %A                                                                                                                                                                                                             0.000000       
260Db  260  105    3    0    1    1    6.390000    1.978000
  1   0.000000  -1.0  0  1.520E+00  0                            3 >  9.0400E+01 %A      <  9.6000E+00 %SF     <  2.5000E+00 %EC+%B+                                                                                                                                                            0.000000       
  2   0.200000  -1.0  0             0                            0                                                                                                                                                                                                                              0.000000       
  3   0.346000  -1.0  0             0                            0                                                                                                                                                                                                                              0.000000       
261Db  261  105    1    0    1    1    7.436000    2.128000
  1   0.000000  -1.0  0  4.700E+00  0                            2 =  7.3000E+01 %SF     ?  0.0000E+00 %A                                                                                                                                                                                       0.000000       
262Db  262  105    2    0    1    1    6.126000    2.354000
  1   0.000000  -1.0  0  3.400E+01  0                            3 =  5.2000E+01 %SF     =  3.0000E+00 %EC+%B+ ?  0.0000E+00 %A                                                                                                                                                                 0.000000       
  2   0.050000  -1.0  0             0   X                        0                                                                                                                                                                                                                              0.050000       
263Db  263  105    1    0    1    1    7.214000    2.571000
  1   0.000000  -1.0  0  2.900E+01  0                            3 =  5.6000E+01 %SF     =  6.9000E+00 %EC+%B+ ?  0.0000E+00 %A                                                                                                                                                                 0.000000       
264Db  264  105    1    0    1    1    5.821000    2.683000
  1   0.000000  -1.0  0  1.800E+02  0                            1 ?  0.0000E+00 %A                                                                                                                                                                                                             0.000000       
265Db  265  105    1    0    1    1    6.950000    2.883000
  1   0.000000  -1.0  0  9.000E+02  0                            1 ?  0.0000E+00 %A                                                                                                                                                                                                             0.000000       
266Db  266  105    1    0    1    1    5.818000    3.242000
  1   0.000000  -1.0  0  4.800E+03  0                            3 ?  0.0000E+00 %A      ?  0.0000E+00 %SF     ?  0.0000E+00 %EC+%B+                                                                                                                                                            0.000000       
267Db  267  105    1    0    1    1    6.734000    3.291000
  1   0.000000  -1.0  0  6.000E+03  0   X                        1 =  1.0000E+02 %SF                                                                                                                                                                                                            0.000000       
268Db  268  105    2    1    1    1    5.084000    3.671000
  1   0.000000  -1.0  0  1.044E+05  0                            2 AP 1.0000E+02 %SF     ?  0.0000E+00 %EC+%B+                                                                                                                                                                                  0.000000       
  2   0.140000  -1.0  0             1                            0                                                                                                                                                                                                                              0.000000       
                                          1     0.1400  1.000E+00  1.000E+00  0.000E+00
269Db  269  105    1    0    1    1    5.985000    3.616000
  1   0.000000  -1.0  0  1.080E+04  0                            2 ?  0.0000E+00 %A      ?  0.0000E+00 %SF                                                                                                                                                                                      0.000000       
270Db  270  105    1    0    1    1    4.913000    0.000000
  1   0.000000  -1.0  0  7.200E+03  0                            1 =  1.0000E+02 %SF                                                                                                                                                                                                            0.000000       
