258Sg  258  106    1    0    1    1    0.000000    2.252000
  1   0.000000   0.0  1  2.700E-03  0                        0+  2 <  2.0000E+01 %A      ?  0.0000E+00 %SF                                                                                                                                                                                      0.000000       
259Sg  259  106    1    0    1    1    6.795000    2.566000
  1   0.000000   5.5 -1  4.020E-01  0                   (11/2-)  3 =  9.7000E+01 %A      <  3.0000E+00 %SF     <  1.0000E+00 %EC                                                                                                                                                                0.000000       
260Sg  260  106    1    0    1    1    8.043000    2.732430
  1   0.000000   0.0  1  4.950E-03  0                        0+  2 =  6.0000E+01 %SF     =  4.0000E+01 %A                                                                                                                                                                                       0.000000       
261Sg  261  106    7    0    1    1    6.613830    2.957000
  1   0.000000   1.5  1  1.830E-01  0                    (3/2+)  3 =  9.8100E+01 %A      =  1.3000E+00 %EC+%B+ =  6.0000E-01 %SF                                                                                                                                                                0.000000       
  2   0.056000  -1.0  0             0                            0                                                                                                                                                                                                                              0.000000       
  3   0.127000  -1.0  0             0                            0                                                                                                                                                                                                                              0.000000       
  4   0.156000  -1.0  0             0                            0                                                                                                                                                                                                                              0.000000       
  5   0.185000  -1.0  0             0                            0                                                                                                                                                                                                                              0.000000       
  6   0.212000  -1.0  0             0                            0                                                                                                                                                                                                                              0.000000       
  7   0.396000  -1.0  0             0                            0                                                                                                                                                                                                                              0.000000       
262Sg  262  106    1    0    1    1    7.710590    3.231000
  1   0.000000   0.0  1  1.090E-02  0                        0+  2 AP 1.0000E+02 %SF     ?  0.0000E+00 %A                                                                                                                                                                                       0.000000       
263Sg  263  106    1    0    1    1    6.247000    3.352000
  1   0.000000   3.5  1  9.400E-01  0                     7/2+#  2 =  8.7000E+01 %A      =  1.3000E+01 %SF                                                                                                                                                                                      0.000000       
264Sg  264  106    1    0    1    1    7.480000    3.618000
  1   0.000000   0.0  1  4.700E-02  0                        0+  2 AP 1.0000E+02 %SF     ?  0.0000E+00 %A                                                                                                                                                                                       0.000000       
265Sg  265  106    1    0    1    1    6.059000    3.856000
  1   0.000000   4.5  1  9.200E+00  0                     9/2+#  2 >  5.0000E+01 %A      ?  0.0000E+00 %SF                                                                                                                                                                                      0.000000       
266Sg  266  106    1    0    1    1    7.248000    4.154000
  1   0.000000   0.0  1  3.900E-01  0                        0+  1 =  1.0000E+02 %SF                                                                                                                                                                                                            0.000000       
267Sg  267  106    1    0    1    1    5.883000    4.220000
  1   0.000000  -1.0  0  1.080E+02  0                            2 =  8.3000E+01 %SF     =  1.7000E+01 %A                                                                                                                                                                                       0.000000       
268Sg  268  106    1    0    1    1    7.075000    4.561000
  1   0.000000   0.0  1  1.200E+02  0                        0+  2 ?  0.0000E+00 %A      ?  0.0000E+00 %SF                                                                                                                                                                                      0.000000       
269Sg  269  106    1    0    1    1    5.110000    4.588000
  1   0.000000  -1.0  0  3.000E+02  0                            2 AP 1.0000E+02 %A      ?  0.0000E+00 %SF                                                                                                                                                                                      0.000000       
270Sg  270  106    1    0    1    1    6.343000    4.946000
  1   0.000000   0.0  1  1.800E+02  0                        0+  2 ?  0.0000E+00 %A      ?  0.0000E+00 %SF                                                                                                                                                                                      0.000000       
271Sg  271  106    1    0    1    1    4.805000    4.839000
  1   0.000000  -1.0  0  1.860E+02  0   X                        2 =  7.0000E+01 %A      =  3.0000E+01 %SF                                                                                                                                                                                      0.000000       
272Sg  272  106    1    0    1    1    6.248000    0.000000
  1   0.000000   0.0  1  2.400E+02  0                        0+  2 ?  0.0000E+00 %A      ?  0.0000E+00 %SF                                                                                                                                                                                      0.000000       
273Sg  273  106    1    0    1    1    4.634000    0.000000
  1   0.000000  -1.0  0  3.000E+02  0                            1 ?  0.0000E+00 %SF                                                                                                                                                                                                            0.000000       
