260Bh  260  107    1    0    1    1    0.000000    0.485000
  1   0.000000  -1.0  0  4.100E-02  0                            3 AP 1.0000E+02 %A      ?  0.0000E+00 %EC+%B+ ?  0.0000E+00 %SF                                                                                                                                                                0.000000       
261Bh  261  107    1    0    1    1    8.261000    0.703000
  1   0.000000   2.5 -1  1.280E-02  0                    (5/2-)  2 =  9.5000E+01 %A      <  5.0000E+00 %SF                                                                                                                                                                                      0.000000       
262Bh  262  107    2    0    1    1    6.663000    0.753000
  1   0.000000  -1.0  0  8.400E-02  0   X                        2 <  2.0000E+01 %SF     ?  0.0000E+00 %A                                                                                                                                                                                       0.000000       
  2   0.210000  -1.0  0  8.000E-03  0   Y                        1 =  1.0000E+02 %A                                                                                                                                                                                                             0.210000       
263Bh  263  107    1    0    1    1    8.117000    1.159000
  1   0.000000  -1.0  0  2.000E-01  0                            1 ?  0.0000E+00 %A                                                                                                                                                                                                             0.000000       
264Bh  264  107    3    0    1    1    6.510000    1.422000
  1   0.000000  -1.0  0  1.070E+00  0                            3 =  8.6000E+01 %A      =  1.4000E+01 %SF     ?  0.0000E+00 %EC+%B+                                                                                                                                                            0.000000       
  2   0.300000  -1.0  0             0                            0                                                                                                                                                                                                                              0.000000       
  3   0.445000  -1.0  0             0                            0                                                                                                                                                                                                                              0.000000       
265Bh  265  107    1    0    1    1    7.714000    1.656000
  1   0.000000  -1.0  0  1.190E+00  0                            1 ?  0.0000E+00 %A                                                                                                                                                                                                             0.000000       
266Bh  266  107    1    0    1    1    6.382000    1.979000
  1   0.000000  -1.0  0  2.500E+00  0                            3 AP 1.0000E+02 %A      ?  0.0000E+00 %EC+%B+ ?  0.0000E+00 %SF                                                                                                                                                                0.000000       
267Bh  267  107    1    0    1    1    7.410000    2.141000
  1   0.000000  -1.0  0  2.200E+01  0   X                        1 =  1.0000E+02 %A                                                                                                                                                                                                             0.000000       
268Bh  268  107    1    0    1    1    6.031000    2.288000
  1   0.000000  -1.0  0  2.500E+01  0                            2 ?  0.0000E+00 %A      ?  0.0000E+00 %SF                                                                                                                                                                                      0.000000       
269Bh  269  107    1    0    1    1    7.400000    2.613000
  1   0.000000  -1.0  0  6.000E+01  0                            1 ?  0.0000E+00 %A                                                                                                                                                                                                             0.000000       
270Bh  270  107    1    0    1    1    5.323000    2.825000
  1   0.000000  -1.0  0  2.280E+02  0                            1 =  1.0000E+02 %A                                                                                                                                                                                                             0.000000       
271Bh  271  107    1    0    1    1    6.376000    2.859000
  1   0.000000  -1.0  0  6.000E+02  0   X                        1 =  1.0000E+02 %A                                                                                                                                                                                                             0.000000       
272Bh  272  107    6    6    1    1    5.203000    3.257000
  1   0.000000  -1.0  0  1.130E+01  0                            1 AP 1.0000E+02 %A                                                                                                                                                                                                             0.000000       
  2   0.060200  -1.0  0             0                            0                                                                                                                                                                                                                              0.000000       
  3   0.196200  -1.0  0             1                            0                                                                                                                                                                                                                              0.000000       
                                          2     0.1360  9.193E-01  1.000E+00  8.780E-02
  4   0.362200  -1.0  0             3                            0                                                                                                                                                                                                                              0.000000       
                                          3     0.1660  8.353E-02  8.806E-02  5.430E-02
                                          2     0.3020  4.176E-02  4.408E-02  5.540E-02
                                          1     0.3622  8.353E-01  8.679E-01  3.900E-02
  5   0.434000  -1.0  0             1                            0                                                                                                                                                                                                                              0.000000       
                                          1     0.4340  9.730E-01  1.000E+00  2.780E-02
  6   0.479600  -1.0  0             1                            0                                                                                                                                                                                                                              0.000000       
                                          1     0.4796  9.773E-01  1.000E+00  2.320E-02
273Bh  273  107    1    0    1    1    6.228000    3.236000
  1   0.000000  -1.0  0  6.000E+01  0                            2 ?  0.0000E+00 %A      ?  0.0000E+00 %SF                                                                                                                                                                                      0.000000       
274Bh  274  107    1    0    1    1    5.023000    3.625000
  1   0.000000  -1.0  0  6.000E+01  0                            1 =  1.0000E+02 %A                                                                                                                                                                                                             0.000000       
275Bh  275  107    1    0    1    1    6.062000    0.000000
  1   0.000000  -1.0  0  3.000E+02  0                            1 ?  0.0000E+00 %SF                                                                                                                                                                                                            0.000000       
