263Hs  263  108    1    0    1    1    0.000000    2.152000
  1   0.000000   1.5  1  7.600E-04  0                     3/2+#  2 <  8.4000E+00 %SF     ?  0.0000E+00 %A                                                                                                                                                                                       0.000000       
264Hs  264  108    1    0    1    1    8.186000    2.222000
  1   0.000000   0.0  1  5.400E-04  0                        0+  2 AP 5.0000E+01 %A      AP 5.0000E+01 %SF                                                                                                                                                                                      0.000000       
265Hs  265  108    2    0    1    1    6.734260    2.446000
  1   0.000000   1.5  1  1.960E-03  0                     3/2+#  2 AP 1.0000E+02 %A      <  1.0000E+00 %SF                                                                                                                                                                                      0.000000       
  2   0.300000  -1.0  0  7.500E-04  0                            2 =  1.0000E+02 %A      =  1.0000E+00 %SF                                                                                                                                                                                      0.000000       
266Hs  266  108    5    1    1    1    7.835230    2.568000
  1   0.000000   0.0  1  3.020E-03  0                        0+  2 AP 1.4000E+00 %SF     ?  0.0000E+00 %A                                                                                                                                                                                       0.000000       
  2   0.085000  -1.0  0             0                            0                                                                                                                                                                                                                              0.000000       
  3   0.712000  -1.0  0             0                            0                                                                                                                                                                                                                              0.000000       
  4   0.930000  -1.0  0             1                            0                                                                                                                                                                                                                              0.000000       
                                          3     0.2180  1.000E+00  1.000E+00  0.000E+00
  5   1.200000  -1.0  0  7.200E+01  0                            1 =  1.0000E+02 %A                                                                                                                                                                                                             0.000000       
267Hs  267  108    2    0    1    1    6.555000    2.740000
  1   0.000000   2.5  1  5.500E-02  0                     5/2+#  2 >  8.0000E+01 %A      ?  0.0000E+00 %SF                                                                                                                                                                                      0.000000       
  2   0.057000  -1.0  0             0                            0                                                                                                                                                                                                                              0.000000       
268Hs  268  108    1    0    1    1    7.894000    3.225000
  1   0.000000   0.0  1  1.420E+00  0                        0+  1 AP 1.0000E+02 %A                                                                                                                                                                                                             0.000000       
269Hs  269  108    1    0    1    1    6.337000    3.532000
  1   0.000000   4.5  1  1.600E+01  0   X                 9/2+#  1 =  1.0000E+02 %A                                                                                                                                                                                                             0.000000       
270Hs  270  108    1    0    1    1    7.523000    3.654000
  1   0.000000   0.0  1  9.000E+00  0                        0+  2 =  1.0000E+02 %A      ?  0.0000E+00 %SF                                                                                                                                                                                      0.000000       
271Hs  271  108    1    0    1    1    5.444000    3.775000
  1   0.000000  -1.0  0  1.000E+01  0                            2 ?  0.0000E+00 %A      ?  0.0000E+00 %SF                                                                                                                                                                                      0.000000       
272Hs  272  108    1    0    1    1    6.805000    4.204000
  1   0.000000   0.0  1  1.000E+01  0                        0+  2 ?  0.0000E+00 %A      ?  0.0000E+00 %SF                                                                                                                                                                                      0.000000       
273Hs  273  108    1    0    1    1    5.188000    4.188000
  1   0.000000   1.5  1  1.060E+00  0                     3/2+#  1 AP 1.0000E+02 %A                                                                                                                                                                                                             0.000000       
274Hs  274  108    1    0    1    1    6.476000    4.436000
  1   0.000000   0.0  1  5.000E-01  0                        0+  2 ?  0.0000E+00 %A      ?  0.0000E+00 %SF                                                                                                                                                                                      0.000000       
275Hs  275  108    1    0    1    1    4.938000    4.351000
  1   0.000000  -1.0  0  2.900E-01  0   X                        1 =  1.0000E+02 %A                                                                                                                                                                                                             0.000000       
276Hs  276  108    1    0    1    1    6.405000    4.694000
  1   0.000000   0.0  1  1.000E-01  0                        0+  2 ?  0.0000E+00 %A      ?  0.0000E+00 %SF                                                                                                                                                                                      0.000000       
277Hs  277  108    1    0    1    1    4.864000    0.000000
  1   0.000000   1.5  1  1.100E-02  0                     3/2+#  1 =  1.0000E+02 %SF                                                                                                                                                                                                            0.000000       
