265Mt  265  109    1    0    1    1    0.000000    0.174000
  1   0.000000  -1.0  0  2.000E-03  0                            1 ?  0.0000E+00 %A                                                                                                                                                                                                             0.000000       
266Mt  266  109    1    0    1    1    6.787000    0.227000
  1   0.000000  -1.0  0  1.200E-03  0                            2 <  5.5000E+00 %SF     ?  0.0000E+00 %A                                                                                                                                                                                       0.000000       
267Mt  267  109    1    0    1    1    8.242000    0.634000
  1   0.000000  -1.0  0  1.000E-02  0                            1 ?  0.0000E+00 %A                                                                                                                                                                                                             0.000000       
268Mt  268  109    1    0    1    1    6.711000    0.791000
  1   0.000000  -1.0  0  2.700E-02  0                   5+#,6+#  1 =  1.0000E+02 %A                                                                                                                                                                                                             0.000000       
269Mt  269  109    1    0    1    1    7.852000    0.749000
  1   0.000000  -1.0  0  1.000E-01  0                            1 ?  0.0000E+00 %A                                                                                                                                                                                                             0.000000       
270Mt  270  109    1    0    1    1    6.731000    1.142000
  1   0.000000  -1.0  0  6.300E-03  0                            1 AP 1.0000E+02 %A                                                                                                                                                                                                             0.000000       
271Mt  271  109    1    0    1    1    7.681000    1.301000
  1   0.000000  -1.0  0  4.000E-01  0                            1 ?  0.0000E+00 %A                                                                                                                                                                                                             0.000000       
272Mt  272  109    1    0    1    1    5.591000    1.448000
  1   0.000000  -1.0  0  4.000E-01  0                            2 ?  0.0000E+00 %A      ?  0.0000E+00 %SF                                                                                                                                                                                      0.000000       
273Mt  273  109    1    0    1    1    6.940000    1.583000
  1   0.000000  -1.0  0  8.000E-01  0                            2 ?  0.0000E+00 %A      ?  0.0000E+00 %SF                                                                                                                                                                                      0.000000       
274Mt  274  109    1    0    1    1    5.538000    1.934000
  1   0.000000  -1.0  0  8.500E-01  0                            1 =  1.0000E+02 %A                                                                                                                                                                                                             0.000000       
275Mt  275  109    1    0    1    1    6.488000    1.946000
  1   0.000000  -1.0  0  1.170E-01  0   X                        1 =  1.0000E+02 %A                                                                                                                                                                                                             0.000000       
276Mt  276  109    6    4    1    1    5.585000    2.594000
  1   0.000000  -1.0  0  6.300E-01  0                            1 =  1.0000E+02 %A                                                                                                                                                                                                             0.000000       
  2   0.194000  -1.0  0             1                            0                                                                                                                                                                                                                              0.000000       
                                          1     0.1940  8.779E-01  1.000E+00  1.391E-01
  3   0.237400  -1.0  0             1                            0                                                                                                                                                                                                                              0.000000       
                                          1     0.2374  9.152E-01  1.000E+00  9.260E-02
  4   0.250000  -1.0  0  4.000E+00  0   X                        1 =  1.0000E+02 %A                                                                                                                                                                                                             0.250000       
  5   0.279600  -1.0  0             1                            0                                                                                                                                                                                                                              0.000000       
                                          1     0.2796  9.372E-01  1.000E+00  6.700E-02
  6   0.731600  -1.0  0             1                            0                                                                                                                                                                                                                              0.000000       
                                          3     0.4942  8.735E-01  1.000E+00  1.448E-01
277Mt  277  109    1    0    1    1    6.418000    2.606000
  1   0.000000  -1.0  0  9.000E+00  0                            2 =  1.0000E+02 %SF     ?  0.0000E+00 %A                                                                                                                                                                                       0.000000       
278Mt  278  109    1    0    1    1    5.304000    3.046000
  1   0.000000  -1.0  0  7.000E+00  0                            1 =  1.0000E+02 %A                                                                                                                                                                                                             0.000000       
279Mt  279  109    1    0    1    1    6.311000    0.000000
  1   0.000000  -1.0  0  3.000E+01  0                            2 ?  0.0000E+00 %A      ?  0.0000E+00 %SF                                                                                                                                                                                      0.000000       
