267Ds  267  110    1    0    1    1    0.000000    1.371000
  1   0.000000   1.5  1  1.000E-05  0   X                 3/2+#  1 =  1.0000E+02 %A                                                                                                                                                                                                             0.000000       
268Ds  268  110    1    0    1    1    8.303000    1.432000
  1   0.000000   0.0  1  1.000E-04  0                        0+  1 ?  0.0000E+00 %A                                                                                                                                                                                                             0.000000       
269Ds  269  110    1    0    1    1    6.885000    1.605000
  1   0.000000   4.5  1  2.300E-04  0   X                 9/2+#  1 =  1.0000E+02 %A                                                                                                                                                                                                             0.000000       
270Ds  270  110    2    0    1    1    8.227740    1.981000
  1   0.000000   0.0  1  2.050E-04  0                        0+  2 AP 1.0000E+02 %A      <  2.0000E-01 %SF                                                                                                                                                                                      0.000000       
  2   1.130000  -1.0  0  3.900E-03  0                  (9-,10-)  2 =  7.0000E+01 %A      =  3.0000E+01 %IT                                                                                                                                                                                      0.000000       
271Ds  271  110    2    0    1    1    6.802000    2.052000
  1   0.000000   6.5 -1  9.000E-02  0   X                13/2-#  1 =  1.0000E+02 %A                                                                                                                                                                                                             0.068000       
  2   0.068000  -1.0  0  1.630E-03  0                            1 =  1.0000E+02 %A                                                                                                                                                                                                             0.000000       
272Ds  272  110    1    0    1    1    8.004000    2.375000
  1   0.000000   0.0  1  2.000E-01  0                        0+  1 ?  0.0000E+00 %SF                                                                                                                                                                                                            0.000000       
273Ds  273  110    2    0    1    1    5.730000    2.515000
  1   0.000000   6.5 -1  2.400E-04  0                    13/2-#  1 =  1.0000E+02 %A                                                                                                                                                                                                             0.000000       
  2   0.283000  -1.0  0             0                            0                                                                                                                                                                                                                              0.000000       
274Ds  274  110    1    0    1    1    7.230000    2.804000
  1   0.000000   0.0  1  1.000E-02  0                        0+  2 ?  0.0000E+00 %A      ?  0.0000E+00 %SF                                                                                                                                                                                      0.000000       
275Ds  275  110    1    0    1    1    5.704000    2.970000
  1   0.000000  -1.0  0  1.000E-02  0                            2 ?  0.0000E+00 %A      ?  0.0000E+00 %SF                                                                                                                                                                                      0.000000       
276Ds  276  110    1    0    1    1    7.095000    3.576000
  1   0.000000   0.0  1  1.000E-01  0                        0+  2 ?  0.0000E+00 %A      ?  0.0000E+00 %SF                                                                                                                                                                                      0.000000       
277Ds  277  110    1    0    1    1    5.472000    3.463000
  1   0.000000   5.5  1  6.000E-03  0                    11/2+#  2 AP 1.0000E+02 %A      ?  0.0000E+00 %SF                                                                                                                                                                                      0.000000       
278Ds  278  110    1    0    1    1    6.831000    3.876000
  1   0.000000   0.0  1  2.700E-01  0                        0+  2 ?  0.0000E+00 %A      ?  0.0000E+00 %SF                                                                                                                                                                                      0.000000       
279Ds  279  110    4    0    1    1    5.326000    3.899000
  1   0.000000  -1.0  0  2.100E-01  0   X                        2 =  9.0000E+01 %SF     =  1.0000E+01 %A                                                                                                                                                                                       0.000000       
  2   2.700000  -1.0  0             0   X                        0                                                                                                                                                                                                                              0.000000       
  3   3.100000  -1.0  0             0   X                        0                                                                                                                                                                                                                              0.000000       
  4   6.900000  -1.0  0             0   X                        0                                                                                                                                                                                                                              0.000000       
280Ds  280  110    1    0    1    1    6.677000    4.264000
  1   0.000000   0.0  1  1.100E+01  0                        0+  1 =  1.0000E+02 %SF                                                                                                                                                                                                            0.000000       
281Ds  281  110    1    0    1    1    5.161000    0.000000
  1   0.000000   1.5  1  1.400E+01  0   X                 3/2+#  2 =  8.5000E+01 %SF     =  1.5000E+01 %A                                                                                                                                                                                       0.000000       
