276Cn  276  112    1    0    1    1    0.000000    2.232000
  1   0.000000   0.0  1  1.000E-04  0                        0+  2 ?  0.0000E+00 %A      ?  0.0000E+00 %SF                                                                                                                                                                                      0.000000       
277Cn  277  112    1    0    1    1    6.021000    2.373000
  1   0.000000   1.5  1  8.500E-04  0                     3/2+#  1 =  1.0000E+02 %A                                                                                                                                                                                                             0.000000       
278Cn  278  112    1    0    1    1    7.542000    2.694000
  1   0.000000   0.0  1  2.000E-03  0                        0+  2 ?  0.0000E+00 %A      ?  0.0000E+00 %SF                                                                                                                                                                                      0.000000       
279Cn  279  112    1    0    1    1    5.974000    2.776000
  1   0.000000  -1.0  0  5.000E-03  0                            2 ?  0.0000E+00 %A      ?  0.0000E+00 %SF                                                                                                                                                                                      0.000000       
280Cn  280  112    1    0    1    1    7.405000    3.367000
  1   0.000000   0.0  1  5.000E-03  0                        0+  2 ?  0.0000E+00 %A      ?  0.0000E+00 %SF                                                                                                                                                                                      0.000000       
281Cn  281  112    1    0    1    1    5.748000    3.155000
  1   0.000000   1.5  1  1.800E-01  0                     3/2+#  2 AP 1.0000E+02 %A      ?  0.0000E+00 %SF                                                                                                                                                                                      0.000000       
282Cn  282  112    1    0    1    1    7.115000    3.610000
  1   0.000000   0.0  1  9.000E-04  0                        0+  1 =  1.0000E+02 %SF                                                                                                                                                                                                            0.000000       
283Cn  283  112    1    0    1    1    5.561000    3.603000
  1   0.000000  -1.0  0  4.100E+00  0   X                        2 <  1.0000E+01 %SF     ?  0.0000E+00 %A                                                                                                                                                                                       0.000000       
284Cn  284  112    1    0    1    1    7.012000    4.024000
  1   0.000000   0.0  1  1.040E-01  0                        0+  1 =  1.0000E+02 %SF                                                                                                                                                                                                            0.000000       
285Cn  285  112    1    0    1    1    5.443000    0.000000
  1   0.000000   2.5  1  3.200E+01  0   X                 5/2+#  1 =  1.0000E+02 %A                                                                                                                                                                                                             0.000000       
