#
90 226                   !   Z   A
-1.0000  -1.0000  -1.0000   !   beta(2) beta(4) beta(6)
 6  27                      !   Number of states in cc band, num dwba states
  1  0.0000   0.0+          !   Ex and J^pi for each state
  2  0.0702   2.0+          !   Ex and J^pi for each state
  3  0.2264   4.0+
  8  0.4474   6.0+
 11  0.7220   8.0+
 15  1.0402  10.0+
  0  0.9950  -1.0x   3  9.00E-02     5.3322E-02
  0  1.0900  -1.0x   2  5.00E-02     4.2245E-02 
  0  1.1500  -1.0x   3  8.50E-02     5.3322E-02
  0  1.1500  -1.0x   2  5.00E-02     4.2245E-02 
  0  1.2500  -1.0x   3  4.00E-02     7.8400E-02                            
  0  1.3500  -1.0x   3  3.20E-02                            
  0  1.4500  -1.0x   3  3.20E-02                            
  0  1.5500  -1.0x   3  3.20E-02     4.9371E-02                            
  0  1.6500  -1.0x   3  3.20E-02     5.7050E-02                            
  0  1.7500  -1.0x   3  3.20E-02     6.6360E-02                            
  0  1.8500  -1.0x   3  3.10E-02     7.4200E-02                            
  0  1.9500  -1.0x   4  2.10E-02                            
  0  1.9500  -1.0x   2  2.90E-02     3.5171E-02                            
  0  2.0500  -1.0x   2  2.90E-02     3.5171E-02                            
  0  2.1500  -1.0x   2  2.90E-02     3.5171E-02                            
  0  2.2500  -1.0x   2  2.70E-02                            
  0  2.3500  -1.0x   2  2.60E-02                            
  0  2.4500  -1.0x   2  2.40E-02                            
  0  2.5500  -1.0x   2  2.30E-02                            
  0  2.6500  -1.0x   2  2.20E-02                            
  0  2.7500  -1.0x   2  2.10E-02                            
  0  2.8500  -1.0x   2  2.00E-02                            
  0  2.9500  -1.0x   2  1.90E-02                            
  0  3.0500  -1.0x   2  1.80E-02                            
  0  3.1500  -1.0x   2  1.70E-02                            
  0  3.2500  -1.0x   2  1.60E-02                            
  0  3.3500  -1.0x   2  1.50E-02                            
#
90 228
-1.0000  -1.0000  -1.0000  
 6  27
  1  0.0000   0.0+          !   Ex and J^pi for each state
  2  0.0577   2.0+
  3  0.1868   4.0+
  5  0.3782   6.0+
  8  0.6222   8.0+
 12  0.9115  10.0+
  0  0.9950  -1.0x   3  9.00E-02     5.3322E-02
  0  1.0900  -1.0x   2  5.00E-02     4.2245E-02 
  0  1.1500  -1.0x   3  8.50E-02     5.3322E-02
  0  1.1500  -1.0x   2  5.00E-02     4.2245E-02 
  0  1.2500  -1.0x   3  4.00E-02     7.8400E-02                            
  0  1.3500  -1.0x   3  3.20E-02                            
  0  1.4500  -1.0x   3  3.20E-02                            
  0  1.5500  -1.0x   3  3.20E-02     4.9371E-02                            
  0  1.6500  -1.0x   3  3.20E-02     5.7050E-02                            
  0  1.7500  -1.0x   3  3.20E-02     6.6360E-02                            
  0  1.8500  -1.0x   3  3.10E-02     7.4200E-02                            
  0  1.9500  -1.0x   4  2.10E-02                            
  0  1.9500  -1.0x   2  2.90E-02     3.5171E-02                            
  0  2.0500  -1.0x   2  2.90E-02     3.5171E-02                            
  0  2.1500  -1.0x   2  2.90E-02     3.5171E-02                            
  0  2.2500  -1.0x   2  2.70E-02                            
  0  2.3500  -1.0x   2  2.60E-02                            
  0  2.4500  -1.0x   2  2.40E-02                            
  0  2.5500  -1.0x   2  2.30E-02                            
  0  2.6500  -1.0x   2  2.20E-02                            
  0  2.7500  -1.0x   2  2.10E-02                            
  0  2.8500  -1.0x   2  2.00E-02                            
  0  2.9500  -1.0x   2  1.90E-02                            
  0  3.0500  -1.0x   2  1.80E-02                            
  0  3.1500  -1.0x   2  1.70E-02                            
  0  3.2500  -1.0x   2  1.60E-02                            
  0  3.3500  -1.0x   2  1.50E-02                            
#
90 230
-1.0000  -1.0000  -1.0000
 6  27
  1  0.0000   0.0+          !   Ex and J^pi for each state
  2  0.0532   2.0+
  3  0.1741   4.0+
  4  0.3566   6.0+
  7  0.5941   8.0+
 15  0.8797  10.0+
  0  0.9950  -1.0x   3  9.00E-02     5.3322E-02
  0  1.0900  -1.0x   2  5.00E-02     4.2245E-02 
  0  1.1500  -1.0x   3  8.50E-02     5.3322E-02
  0  1.1500  -1.0x   2  5.00E-02     4.2245E-02 
  0  1.2500  -1.0x   3  4.00E-02     7.8400E-02                            
  0  1.3500  -1.0x   3  3.20E-02                            
  0  1.4500  -1.0x   3  3.20E-02                            
  0  1.5500  -1.0x   3  3.20E-02     4.9371E-02                            
  0  1.6500  -1.0x   3  3.20E-02     5.7050E-02                            
  0  1.7500  -1.0x   3  3.20E-02     6.6360E-02                            
  0  1.8500  -1.0x   3  3.10E-02     7.4200E-02                            
  0  1.9500  -1.0x   4  2.10E-02                            
  0  1.9500  -1.0x   2  2.90E-02     3.5171E-02                            
  0  2.0500  -1.0x   2  2.90E-02     3.5171E-02                            
  0  2.1500  -1.0x   2  2.90E-02     3.5171E-02                            
  0  2.2500  -1.0x   2  2.70E-02                            
  0  2.3500  -1.0x   2  2.60E-02                            
  0  2.4500  -1.0x   2  2.40E-02                            
  0  2.5500  -1.0x   2  2.30E-02                            
  0  2.6500  -1.0x   2  2.20E-02                            
  0  2.7500  -1.0x   2  2.10E-02                            
  0  2.8500  -1.0x   2  2.00E-02                            
  0  2.9500  -1.0x   2  1.90E-02                            
  0  3.0500  -1.0x   2  1.80E-02                            
  0  3.1500  -1.0x   2  1.70E-02                            
  0  3.2500  -1.0x   2  1.60E-02                            
  0  3.3500  -1.0x   2  1.50E-02                            
#
90 232
 0.2060   0.0680   -0.0020
 7  27
  1  0.0000   0.0+          !   Ex and J^pi for each state
  2  0.0494   2.0+
  3  0.1621   4.0+
  4  0.3332   6.0+
  5  0.5569   8.0+
 11  0.8270  10.0+
 27  1.1371  12.0+
  0  0.9950  -1.0x   3  9.00E-02     5.3322E-02
  0  1.0900  -1.0x   2  5.00E-02     4.2245E-02 
  0  1.1500  -1.0x   3  8.50E-02     5.3322E-02
  0  1.1500  -1.0x   2  5.00E-02     4.2245E-02 
  0  1.2500  -1.0x   3  4.00E-02     7.8400E-02                            
  0  1.3500  -1.0x   3  3.20E-02                            
  0  1.4500  -1.0x   3  3.20E-02                            
  0  1.5500  -1.0x   3  3.20E-02     4.9371E-02                            
  0  1.6500  -1.0x   3  3.20E-02     5.7050E-02                            
  0  1.7500  -1.0x   3  3.20E-02     6.6360E-02                            
  0  1.8500  -1.0x   3  3.10E-02     7.4200E-02                            
  0  1.9500  -1.0x   4  2.10E-02                            
  0  1.9500  -1.0x   2  2.90E-02     3.5171E-02                            
  0  2.0500  -1.0x   2  2.90E-02     3.5171E-02                            
  0  2.1500  -1.0x   2  2.90E-02     3.5171E-02                            
  0  2.2500  -1.0x   2  2.70E-02                            
  0  2.3500  -1.0x   2  2.60E-02                            
  0  2.4500  -1.0x   2  2.40E-02                            
  0  2.5500  -1.0x   2  2.30E-02                            
  0  2.6500  -1.0x   2  2.20E-02                            
  0  2.7500  -1.0x   2  2.10E-02                            
  0  2.8500  -1.0x   2  2.00E-02                            
  0  2.9500  -1.0x   2  1.90E-02                            
  0  3.0500  -1.0x   2  1.80E-02                            
  0  3.1500  -1.0x   2  1.70E-02                            
  0  3.2500  -1.0x   2  1.60E-02                            
  0  3.3500  -1.0x   2  1.50E-02                            
#
90 234
-1.0000  -1.0000  -1.0000
 6  27
  1  0.0000   0.0+          !   Ex and J^pi for each state
  2  0.0496   2.0+
  3  0.1630   4.0+
  4  0.3365   6.0+
  5  0.5648   8.0+
  8  0.8439  10.0+
  0  0.9950  -1.0x   3  9.00E-02     5.3322E-02
  0  1.0900  -1.0x   2  5.00E-02     4.2245E-02 
  0  1.1500  -1.0x   3  8.50E-02     5.3322E-02
  0  1.1500  -1.0x   2  5.00E-02     4.2245E-02 
  0  1.2500  -1.0x   3  4.00E-02     7.8400E-02                            
  0  1.3500  -1.0x   3  3.20E-02                            
  0  1.4500  -1.0x   3  3.20E-02                            
  0  1.5500  -1.0x   3  3.20E-02     4.9371E-02                            
  0  1.6500  -1.0x   3  3.20E-02     5.7050E-02                            
  0  1.7500  -1.0x   3  3.20E-02     6.6360E-02                            
  0  1.8500  -1.0x   3  3.10E-02     7.4200E-02                            
  0  1.9500  -1.0x   4  2.10E-02                            
  0  1.9500  -1.0x   2  2.90E-02     3.5171E-02                            
  0  2.0500  -1.0x   2  2.90E-02     3.5171E-02                            
  0  2.1500  -1.0x   2  2.90E-02     3.5171E-02                            
  0  2.2500  -1.0x   2  2.70E-02                            
  0  2.3500  -1.0x   2  2.60E-02                            
  0  2.4500  -1.0x   2  2.40E-02                            
  0  2.5500  -1.0x   2  2.30E-02                            
  0  2.6500  -1.0x   2  2.20E-02                            
  0  2.7500  -1.0x   2  2.10E-02                            
  0  2.8500  -1.0x   2  2.00E-02                            
  0  2.9500  -1.0x   2  1.90E-02                            
  0  3.0500  -1.0x   2  1.80E-02                            
  0  3.1500  -1.0x   2  1.70E-02                            
  0  3.2500  -1.0x   2  1.60E-02                            
  0  3.3500  -1.0x   2  1.50E-02                            
#
92 230
-1.0000  -1.0000  -1.0000
 6  27
  1  0.0000   0.0+          !   Ex and J^pi for each state
  2  0.0572   2.0+
  3  0.1695   4.0+
  4  0.3471   6.0+
  8  0.5782   8.0+
 10  0.8564  10.0+
  0  0.9950  -1.0x   3  9.00E-02     5.3322E-02
  0  1.0900  -1.0x   2  5.00E-02     4.2245E-02 
  0  1.1500  -1.0x   3  8.50E-02     5.3322E-02
  0  1.1500  -1.0x   2  5.00E-02     4.2245E-02 
  0  1.2500  -1.0x   3  4.00E-02     7.8400E-02                            
  0  1.3500  -1.0x   3  3.20E-02                            
  0  1.4500  -1.0x   3  3.20E-02                            
  0  1.5500  -1.0x   3  3.20E-02     4.9371E-02                            
  0  1.6500  -1.0x   3  3.20E-02     5.7050E-02                            
  0  1.7500  -1.0x   3  3.20E-02     6.6360E-02                            
  0  1.8500  -1.0x   3  3.10E-02     7.4200E-02                            
  0  1.9500  -1.0x   4  2.10E-02                            
  0  1.9500  -1.0x   2  2.90E-02     3.5171E-02                            
  0  2.0500  -1.0x   2  2.90E-02     3.5171E-02                            
  0  2.1500  -1.0x   2  2.90E-02     3.5171E-02                            
  0  2.2500  -1.0x   2  2.70E-02                            
  0  2.3500  -1.0x   2  2.60E-02                            
  0  2.4500  -1.0x   2  2.40E-02                            
  0  2.5500  -1.0x   2  2.30E-02                            
  0  2.6500  -1.0x   2  2.20E-02                            
  0  2.7500  -1.0x   2  2.10E-02                            
  0  2.8500  -1.0x   2  2.00E-02                            
  0  2.9500  -1.0x   2  1.90E-02                            
  0  3.0500  -1.0x   2  1.80E-02                            
  0  3.1500  -1.0x   2  1.70E-02                            
  0  3.2500  -1.0x   2  1.60E-02                            
  0  3.3500  -1.0x   2  1.50E-02                            
#
92 232
-1.0000  -1.0000  -1.0000
 6  27
  1  0.0000   0.0+          !   Ex and J^pi for each state
  2  0.0476   2.0+
  3  0.1566   4.0+
  4  0.3226   6.0+
  5  0.5410   8.0+
 11  0.8058  10.0+
  0  0.9950  -1.0x   3  9.00E-02     5.3322E-02
  0  1.0900  -1.0x   2  5.00E-02     4.2245E-02 
  0  1.1500  -1.0x   3  8.50E-02     5.3322E-02
  0  1.1500  -1.0x   2  5.00E-02     4.2245E-02 
  0  1.2500  -1.0x   3  4.00E-02     7.8400E-02                            
  0  1.3500  -1.0x   3  3.20E-02                            
  0  1.4500  -1.0x   3  3.20E-02                            
  0  1.5500  -1.0x   3  3.20E-02     4.9371E-02                            
  0  1.6500  -1.0x   3  3.20E-02     5.7050E-02                            
  0  1.7500  -1.0x   3  3.20E-02     6.6360E-02                            
  0  1.8500  -1.0x   3  3.10E-02     7.4200E-02                            
  0  1.9500  -1.0x   4  2.10E-02                            
  0  1.9500  -1.0x   2  2.90E-02     3.5171E-02                            
  0  2.0500  -1.0x   2  2.90E-02     3.5171E-02                            
  0  2.1500  -1.0x   2  2.90E-02     3.5171E-02                            
  0  2.2500  -1.0x   2  2.70E-02                            
  0  2.3500  -1.0x   2  2.60E-02                            
  0  2.4500  -1.0x   2  2.40E-02                            
  0  2.5500  -1.0x   2  2.30E-02                            
  0  2.6500  -1.0x   2  2.20E-02                            
  0  2.7500  -1.0x   2  2.10E-02                            
  0  2.8500  -1.0x   2  2.00E-02                            
  0  2.9500  -1.0x   2  1.90E-02                            
  0  3.0500  -1.0x   2  1.80E-02                            
  0  3.1500  -1.0x   2  1.70E-02                            
  0  3.2500  -1.0x   2  1.60E-02                            
  0  3.3500  -1.0x   2  1.50E-02                            
#
92 233
 0.1830   0.1200   0.0030
 6  27
  1  0.0000   2.5-          !   Ex and J^pi for each state
  2  0.0403   3.5-
  3  0.0922   4.5-
  4  0.1552   5.5-
  6  0.2295   6.5-
 10  0.3146   7.5-
  0  0.9950  -1.0x   3  9.00E-02     5.3322E-02
  0  1.0900  -1.0x   2  5.00E-02     4.2245E-02 
  0  1.1500  -1.0x   3  8.50E-02     5.3322E-02
  0  1.1500  -1.0x   2  5.00E-02     4.2245E-02 
  0  1.2500  -1.0x   3  4.00E-02     7.8400E-02                            
  0  1.3500  -1.0x   3  3.20E-02                            
  0  1.4500  -1.0x   3  3.20E-02                            
  0  1.5500  -1.0x   3  3.20E-02     4.9371E-02                            
  0  1.6500  -1.0x   3  3.20E-02     5.7050E-02                            
  0  1.7500  -1.0x   3  3.20E-02     6.6360E-02                            
  0  1.8500  -1.0x   3  3.10E-02     7.4200E-02                            
  0  1.9500  -1.0x   4  2.10E-02                            
  0  1.9500  -1.0x   2  2.90E-02     3.5171E-02                            
  0  2.0500  -1.0x   2  2.90E-02     3.5171E-02                            
  0  2.1500  -1.0x   2  2.90E-02     3.5171E-02                            
  0  2.2500  -1.0x   2  2.70E-02                            
  0  2.3500  -1.0x   2  2.60E-02                            
  0  2.4500  -1.0x   2  2.40E-02                            
  0  2.5500  -1.0x   2  2.30E-02                            
  0  2.6500  -1.0x   2  2.20E-02                            
  0  2.7500  -1.0x   2  2.10E-02                            
  0  2.8500  -1.0x   2  2.00E-02                            
  0  2.9500  -1.0x   2  1.90E-02                            
  0  3.0500  -1.0x   2  1.80E-02                            
  0  3.1500  -1.0x   2  1.70E-02                            
  0  3.2500  -1.0x   2  1.60E-02                            
  0  3.3500  -1.0x   2  1.50E-02                            
#
92 234
-1.0000  -1.0000  -1.0000
 7  27
  1  0.0000   0.0+          !   Ex and J^pi for each state
  2  0.0435   2.0+
  3  0.1434   4.0+
  4  0.2961   6.0+
  5  0.4970   8.0+
  6  0.7412  10.0+
 17  1.0248  12.0+
  0  0.9950  -1.0x   3  9.00E-02     5.3322E-02
  0  1.0900  -1.0x   2  5.00E-02     4.2245E-02 
  0  1.1500  -1.0x   3  8.50E-02     5.3322E-02
  0  1.1500  -1.0x   2  5.00E-02     4.2245E-02 
  0  1.2500  -1.0x   3  4.00E-02     7.8400E-02                            
  0  1.3500  -1.0x   3  3.20E-02                            
  0  1.4500  -1.0x   3  3.20E-02                            
  0  1.5500  -1.0x   3  3.20E-02     4.9371E-02                            
  0  1.6500  -1.0x   3  3.20E-02     5.7050E-02                            
  0  1.7500  -1.0x   3  3.20E-02     6.6360E-02                            
  0  1.8500  -1.0x   3  3.10E-02     7.4200E-02                            
  0  1.9500  -1.0x   4  2.10E-02                            
  0  1.9500  -1.0x   2  2.90E-02     3.5171E-02                            
  0  2.0500  -1.0x   2  2.90E-02     3.5171E-02                            
  0  2.1500  -1.0x   2  2.90E-02     3.5171E-02                            
  0  2.2500  -1.0x   2  2.70E-02                            
  0  2.3500  -1.0x   2  2.60E-02                            
  0  2.4500  -1.0x   2  2.40E-02                            
  0  2.5500  -1.0x   2  2.30E-02                            
  0  2.6500  -1.0x   2  2.20E-02                            
  0  2.7500  -1.0x   2  2.10E-02                            
  0  2.8500  -1.0x   2  2.00E-02                            
  0  2.9500  -1.0x   2  1.90E-02                            
  0  3.0500  -1.0x   2  1.80E-02                            
  0  3.1500  -1.0x   2  1.70E-02                            
  0  3.2500  -1.0x   2  1.60E-02                            
  0  3.3500  -1.0x   2  1.50E-02                            
#
92 235
 0.1980   0.0990  -0.0097
 7  27
  1  0.0000   3.5-          !   Ex and J^pi for each state
  4  0.0462   4.5-
  7  0.1030   5.5-
 10  0.1707   6.5-
 14  0.2491   7.5-
 18  0.3385   8.5-
 25  0.4386   9.5-
  0  0.9950  -1.0x   3  9.00E-02     5.3322E-02
  0  1.0900  -1.0x   2  5.00E-02     4.2245E-02 
  0  1.1500  -1.0x   3  8.50E-02     5.3322E-02
  0  1.1500  -1.0x   2  5.00E-02     4.2245E-02 
  0  1.2500  -1.0x   3  4.00E-02     7.8400E-02                            
  0  1.3500  -1.0x   3  3.20E-02                            
  0  1.4500  -1.0x   3  3.20E-02                            
  0  1.5500  -1.0x   3  3.20E-02     4.9371E-02                            
  0  1.6500  -1.0x   3  3.20E-02     5.7050E-02                            
  0  1.7500  -1.0x   3  3.20E-02     6.6360E-02                            
  0  1.8500  -1.0x   3  3.10E-02     7.4200E-02                            
  0  1.9500  -1.0x   4  2.10E-02                            
  0  1.9500  -1.0x   2  2.90E-02     3.5171E-02                            
  0  2.0500  -1.0x   2  2.90E-02     3.5171E-02                            
  0  2.1500  -1.0x   2  2.90E-02     3.5171E-02                            
  0  2.2500  -1.0x   2  2.70E-02                            
  0  2.3500  -1.0x   2  2.60E-02                            
  0  2.4500  -1.0x   2  2.40E-02                            
  0  2.5500  -1.0x   2  2.30E-02                            
  0  2.6500  -1.0x   2  2.20E-02                            
  0  2.7500  -1.0x   2  2.10E-02                            
  0  2.8500  -1.0x   2  2.00E-02                            
  0  2.9500  -1.0x   2  1.90E-02                            
  0  3.0500  -1.0x   2  1.80E-02                            
  0  3.1500  -1.0x   2  1.70E-02                            
  0  3.2500  -1.0x   2  1.60E-02                            
  0  3.3500  -1.0x   2  1.50E-02                            
#
92 236
-1.0000  -1.0000  -1.0000
 6  27
  1  0.0000   0.0+          !   Ex and J^pi for each state
  2  0.0452   2.0+
  3  0.1495   4.0+
  4  0.3098   6.0+
  5  0.5222   8.0+
  8  0.7823  10.0+
  0  0.9950  -1.0x   3  9.00E-02     5.3322E-02
  0  1.0900  -1.0x   2  5.00E-02     4.2245E-02 
  0  1.1500  -1.0x   3  8.50E-02     5.3322E-02
  0  1.1500  -1.0x   2  5.00E-02     4.2245E-02 
  0  1.2500  -1.0x   3  4.00E-02     7.8400E-02                            
  0  1.3500  -1.0x   3  3.20E-02                            
  0  1.4500  -1.0x   3  3.20E-02                            
  0  1.5500  -1.0x   3  3.20E-02     4.9371E-02                            
  0  1.6500  -1.0x   3  3.20E-02     5.7050E-02                            
  0  1.7500  -1.0x   3  3.20E-02     6.6360E-02                            
  0  1.8500  -1.0x   3  3.10E-02     7.4200E-02                            
  0  1.9500  -1.0x   4  2.10E-02                            
  0  1.9500  -1.0x   2  2.90E-02     3.5171E-02                            
  0  2.0500  -1.0x   2  2.90E-02     3.5171E-02                            
  0  2.1500  -1.0x   2  2.90E-02     3.5171E-02                            
  0  2.2500  -1.0x   2  2.70E-02                            
  0  2.3500  -1.0x   2  2.60E-02                            
  0  2.4500  -1.0x   2  2.40E-02                            
  0  2.5500  -1.0x   2  2.30E-02                            
  0  2.6500  -1.0x   2  2.20E-02                            
  0  2.7500  -1.0x   2  2.10E-02                            
  0  2.8500  -1.0x   2  2.00E-02                            
  0  2.9500  -1.0x   2  1.90E-02                            
  0  3.0500  -1.0x   2  1.80E-02                            
  0  3.1500  -1.0x   2  1.70E-02                            
  0  3.2500  -1.0x   2  1.60E-02                            
  0  3.3500  -1.0x   2  1.50E-02                            
#
92 237
-1.0000  -1.0000  -1.0000
 6  27
  1  0.0000   0.5+          !   Ex and J^pi for each state
  2  0.0119   1.5+
  3  0.0563   2.5+
  4  0.0829   3.5+
  6  0.1630   4.5+
  7  0.2050   5.5+
  0  0.9950  -1.0x   3  9.00E-02     5.3322E-02
  0  1.0900  -1.0x   2  5.00E-02     4.2245E-02 
  0  1.1500  -1.0x   3  8.50E-02     5.3322E-02
  0  1.1500  -1.0x   2  5.00E-02     4.2245E-02 
  0  1.2500  -1.0x   3  4.00E-02     7.8400E-02                            
  0  1.3500  -1.0x   3  3.20E-02                            
  0  1.4500  -1.0x   3  3.20E-02                            
  0  1.5500  -1.0x   3  3.20E-02     4.9371E-02                            
  0  1.6500  -1.0x   3  3.20E-02     5.7050E-02                            
  0  1.7500  -1.0x   3  3.20E-02     6.6360E-02                            
  0  1.8500  -1.0x   3  3.10E-02     7.4200E-02                            
  0  1.9500  -1.0x   4  2.10E-02                            
  0  1.9500  -1.0x   2  2.90E-02     3.5171E-02                            
  0  2.0500  -1.0x   2  2.90E-02     3.5171E-02                            
  0  2.1500  -1.0x   2  2.90E-02     3.5171E-02                            
  0  2.2500  -1.0x   2  2.70E-02                            
  0  2.3500  -1.0x   2  2.60E-02                            
  0  2.4500  -1.0x   2  2.40E-02                            
  0  2.5500  -1.0x   2  2.30E-02                            
  0  2.6500  -1.0x   2  2.20E-02                            
  0  2.7500  -1.0x   2  2.10E-02                            
  0  2.8500  -1.0x   2  2.00E-02                            
  0  2.9500  -1.0x   2  1.90E-02                            
  0  3.0500  -1.0x   2  1.80E-02                            
  0  3.1500  -1.0x   2  1.70E-02                            
  0  3.2500  -1.0x   2  1.60E-02                            
  0  3.3500  -1.0x   2  1.50E-02                            
#
92 238
 0.2323   0.04480   0.0000 
7  27
  1  0.0000   0.0+          !   Ex and J^pi for each state
  2  0.0449   2.0+
  3  0.1484   4.0+
  4  0.3072   6.0+
  5  0.5183   8.0+
  8  0.7757  10.0+
 23  1.0765  12.0+
  0  0.9950  -1.0x   3  9.00E-02     5.3322E-02
  0  1.0900  -1.0x   2  5.00E-02     4.2245E-02 
  0  1.1500  -1.0x   3  8.50E-02     5.3322E-02
  0  1.1500  -1.0x   2  5.00E-02     4.2245E-02 
  0  1.2500  -1.0x   3  4.00E-02     7.8400E-02                            
  0  1.3500  -1.0x   3  3.20E-02                            
  0  1.4500  -1.0x   3  3.20E-02                            
  0  1.5500  -1.0x   3  3.20E-02     4.9371E-02                            
  0  1.6500  -1.0x   3  3.20E-02     5.7050E-02                            
  0  1.7500  -1.0x   3  3.20E-02     6.6360E-02                            
  0  1.8500  -1.0x   3  3.10E-02     7.4200E-02                            
  0  1.9500  -1.0x   4  2.10E-02                            
  0  1.9500  -1.0x   2  2.90E-02     3.5171E-02                            
  0  2.0500  -1.0x   2  2.90E-02     3.5171E-02                            
  0  2.1500  -1.0x   2  2.90E-02     3.5171E-02                            
  0  2.2500  -1.0x   2  2.70E-02                            
  0  2.3500  -1.0x   2  2.60E-02                            
  0  2.4500  -1.0x   2  2.40E-02                            
  0  2.5500  -1.0x   2  2.30E-02                            
  0  2.6500  -1.0x   2  2.20E-02                            
  0  2.7500  -1.0x   2  2.10E-02                            
  0  2.8500  -1.0x   2  2.00E-02                            
  0  2.9500  -1.0x   2  1.90E-02                            
  0  3.0500  -1.0x   2  1.80E-02                            
  0  3.1500  -1.0x   2  1.70E-02                            
  0  3.2500  -1.0x   2  1.60E-02                            
  0  3.3500  -1.0x   2  1.50E-02                            
#
92 239
-1.0000  -1.0000  -1.0000
3  27
  1  0.0000   2.5+          !   Ex and J^pi for each state
  2  0.0425   3.5+
  3  0.0986   4.5+
  0  0.9950  -1.0x   3  9.00E-02     5.3322E-02
  0  1.0900  -1.0x   2  5.00E-02     4.2245E-02 
  0  1.1500  -1.0x   3  8.50E-02     5.3322E-02
  0  1.1500  -1.0x   2  5.00E-02     4.2245E-02 
  0  1.2500  -1.0x   3  4.00E-02     7.8400E-02                            
  0  1.3500  -1.0x   3  3.20E-02                            
  0  1.4500  -1.0x   3  3.20E-02                            
  0  1.5500  -1.0x   3  3.20E-02     4.9371E-02                            
  0  1.6500  -1.0x   3  3.20E-02     5.7050E-02                            
  0  1.7500  -1.0x   3  3.20E-02     6.6360E-02                            
  0  1.8500  -1.0x   3  3.10E-02     7.4200E-02                            
  0  1.9500  -1.0x   4  2.10E-02                            
  0  1.9500  -1.0x   2  2.90E-02     3.5171E-02                            
  0  2.0500  -1.0x   2  2.90E-02     3.5171E-02                            
  0  2.1500  -1.0x   2  2.90E-02     3.5171E-02                            
  0  2.2500  -1.0x   2  2.70E-02                            
  0  2.3500  -1.0x   2  2.60E-02                            
  0  2.4500  -1.0x   2  2.40E-02                            
  0  2.5500  -1.0x   2  2.30E-02                            
  0  2.6500  -1.0x   2  2.20E-02                            
  0  2.7500  -1.0x   2  2.10E-02                            
  0  2.8500  -1.0x   2  2.00E-02                            
  0  2.9500  -1.0x   2  1.90E-02                            
  0  3.0500  -1.0x   2  1.80E-02                            
  0  3.1500  -1.0x   2  1.70E-02                            
  0  3.2500  -1.0x   2  1.60E-02                            
  0  3.3500  -1.0x   2  1.50E-02                            
#
92 240
-1.0000  -1.0000  -1.0000
3  27
  1  0.0000   0.0+          !   Ex and J^pi for each state
  2  0.0450   2.0+
  3  0.1510   4.0+
  0  0.9950  -1.0x   3  9.00E-02     5.3322E-02
  0  1.0900  -1.0x   2  5.00E-02     4.2245E-02 
  0  1.1500  -1.0x   3  8.50E-02     5.3322E-02
  0  1.1500  -1.0x   2  5.00E-02     4.2245E-02 
  0  1.2500  -1.0x   3  4.00E-02     7.8400E-02                            
  0  1.3500  -1.0x   3  3.20E-02                            
  0  1.4500  -1.0x   3  3.20E-02                            
  0  1.5500  -1.0x   3  3.20E-02     4.9371E-02                            
  0  1.6500  -1.0x   3  3.20E-02     5.7050E-02                            
  0  1.7500  -1.0x   3  3.20E-02     6.6360E-02                            
  0  1.8500  -1.0x   3  3.10E-02     7.4200E-02                            
  0  1.9500  -1.0x   4  2.10E-02                            
  0  1.9500  -1.0x   2  2.90E-02     3.5171E-02                            
  0  2.0500  -1.0x   2  2.90E-02     3.5171E-02                            
  0  2.1500  -1.0x   2  2.90E-02     3.5171E-02                            
  0  2.2500  -1.0x   2  2.70E-02                            
  0  2.3500  -1.0x   2  2.60E-02                            
  0  2.4500  -1.0x   2  2.40E-02                            
  0  2.5500  -1.0x   2  2.30E-02                            
  0  2.6500  -1.0x   2  2.20E-02                            
  0  2.7500  -1.0x   2  2.10E-02                            
  0  2.8500  -1.0x   2  2.00E-02                            
  0  2.9500  -1.0x   2  1.90E-02                            
  0  3.0500  -1.0x   2  1.80E-02                            
  0  3.1500  -1.0x   2  1.70E-02                            
  0  3.2500  -1.0x   2  1.60E-02                            
  0  3.3500  -1.0x   2  1.50E-02                            
#
94 236
-1.0000  -1.0000  -1.0000
 8  27
  1  0.0000   0.0+          !   Ex and J^pi for each state
  2  0.0446   2.0+
  3  0.1460   4.0+
  4  0.3058   6.0+
  5  0.5157   8.0+
  8  0.7735  10.0+
 10  1.0743  12.0+
 14  1.4136  14.0+
  0  0.9950  -1.0x   3  9.00E-02     5.3322E-02
  0  1.0900  -1.0x   2  5.00E-02     4.2245E-02 
  0  1.1500  -1.0x   3  8.50E-02     5.3322E-02
  0  1.1500  -1.0x   2  5.00E-02     4.2245E-02 
  0  1.2500  -1.0x   3  4.00E-02     7.8400E-02                            
  0  1.3500  -1.0x   3  3.20E-02                            
  0  1.4500  -1.0x   3  3.20E-02                            
  0  1.5500  -1.0x   3  3.20E-02     4.9371E-02                            
  0  1.6500  -1.0x   3  3.20E-02     5.7050E-02                            
  0  1.7500  -1.0x   3  3.20E-02     6.6360E-02                            
  0  1.8500  -1.0x   3  3.10E-02     7.4200E-02                            
  0  1.9500  -1.0x   4  2.10E-02                            
  0  1.9500  -1.0x   2  2.90E-02     3.5171E-02                            
  0  2.0500  -1.0x   2  2.90E-02     3.5171E-02                            
  0  2.1500  -1.0x   2  2.90E-02     3.5171E-02                            
  0  2.2500  -1.0x   2  2.70E-02                            
  0  2.3500  -1.0x   2  2.60E-02                            
  0  2.4500  -1.0x   2  2.40E-02                            
  0  2.5500  -1.0x   2  2.30E-02                            
  0  2.6500  -1.0x   2  2.20E-02                            
  0  2.7500  -1.0x   2  2.10E-02                            
  0  2.8500  -1.0x   2  2.00E-02                            
  0  2.9500  -1.0x   2  1.90E-02                            
  0  3.0500  -1.0x   2  1.80E-02                            
  0  3.1500  -1.0x   2  1.70E-02                            
  0  3.2500  -1.0x   2  1.60E-02                            
  0  3.3500  -1.0x   2  1.50E-02                            
#
94 237
-1.0000  -1.0000  -1.0000
 5  27
  1  0.0000   3.5-          !   Ex and J^pi for each state
  2  0.0477   4.5-
  3  0.1060   5.5-
  6  0.1750   6.5-
  9  0.2570   7.5-
  0  0.9950  -1.0x   3  9.00E-02     5.3322E-02
  0  1.0900  -1.0x   2  5.00E-02     4.2245E-02 
  0  1.1500  -1.0x   3  8.50E-02     5.3322E-02
  0  1.1500  -1.0x   2  5.00E-02     4.2245E-02 
  0  1.2500  -1.0x   3  4.00E-02     7.8400E-02                            
  0  1.3500  -1.0x   3  3.20E-02                            
  0  1.4500  -1.0x   3  3.20E-02                            
  0  1.5500  -1.0x   3  3.20E-02     4.9371E-02                            
  0  1.6500  -1.0x   3  3.20E-02     5.7050E-02                            
  0  1.7500  -1.0x   3  3.20E-02     6.6360E-02                            
  0  1.8500  -1.0x   3  3.10E-02     7.4200E-02                            
  0  1.9500  -1.0x   4  2.10E-02                            
  0  1.9500  -1.0x   2  2.90E-02     3.5171E-02                            
  0  2.0500  -1.0x   2  2.90E-02     3.5171E-02                            
  0  2.1500  -1.0x   2  2.90E-02     3.5171E-02                            
  0  2.2500  -1.0x   2  2.70E-02                            
  0  2.3500  -1.0x   2  2.60E-02                            
  0  2.4500  -1.0x   2  2.40E-02                            
  0  2.5500  -1.0x   2  2.30E-02                            
  0  2.6500  -1.0x   2  2.20E-02                            
  0  2.7500  -1.0x   2  2.10E-02                            
  0  2.8500  -1.0x   2  2.00E-02                            
  0  2.9500  -1.0x   2  1.90E-02                            
  0  3.0500  -1.0x   2  1.80E-02                            
  0  3.1500  -1.0x   2  1.70E-02                            
  0  3.2500  -1.0x   2  1.60E-02                            
  0  3.3500  -1.0x   2  1.50E-02                            
#
94 238
-1.0000  -1.0000  -1.0000
14  27
  1  0.0000   0.0+          !   Ex and J^pi for each state
  2  0.0441   2.0+
  3  0.1460   4.0+
  4  0.3034   6.0+
  5  0.5134   8.0+
  9  0.7728  10.0+
 18  1.0801  12.0+
 29  1.4291  14.0+
 39  1.8185  16.0+
 41  2.2449  18.0+
 43  2.7057  20.0+
 44  3.1988  22.0+
 46  3.7208  24.0+
 47  4.2652  26.0+
  0  0.9950  -1.0x   3  9.00E-02     5.3322E-02
  0  1.0900  -1.0x   2  5.00E-02     4.2245E-02 
  0  1.1500  -1.0x   3  8.50E-02     5.3322E-02
  0  1.1500  -1.0x   2  5.00E-02     4.2245E-02 
  0  1.2500  -1.0x   3  4.00E-02     7.8400E-02                            
  0  1.3500  -1.0x   3  3.20E-02                            
  0  1.4500  -1.0x   3  3.20E-02                            
  0  1.5500  -1.0x   3  3.20E-02     4.9371E-02                            
  0  1.6500  -1.0x   3  3.20E-02     5.7050E-02                            
  0  1.7500  -1.0x   3  3.20E-02     6.6360E-02                            
  0  1.8500  -1.0x   3  3.10E-02     7.4200E-02                            
  0  1.9500  -1.0x   4  2.10E-02                            
  0  1.9500  -1.0x   2  2.90E-02     3.5171E-02                            
  0  2.0500  -1.0x   2  2.90E-02     3.5171E-02                            
  0  2.1500  -1.0x   2  2.90E-02     3.5171E-02                            
  0  2.2500  -1.0x   2  2.70E-02                            
  0  2.3500  -1.0x   2  2.60E-02                            
  0  2.4500  -1.0x   2  2.40E-02                            
  0  2.5500  -1.0x   2  2.30E-02                            
  0  2.6500  -1.0x   2  2.20E-02                            
  0  2.7500  -1.0x   2  2.10E-02                            
  0  2.8500  -1.0x   2  2.00E-02                            
  0  2.9500  -1.0x   2  1.90E-02                            
  0  3.0500  -1.0x   2  1.80E-02                            
  0  3.1500  -1.0x   2  1.70E-02                            
  0  3.2500  -1.0x   2  1.60E-02                            
  0  3.3500  -1.0x   2  1.50E-02                            
#
94 239
 0.2120   0.0660  -0.0084
15  27
  1  0.0000   0.5+          !   Ex and J^pi for each state
  2  0.0077   1.5+
  3  0.0573   2.5+
  4  0.0757   3.5+
  5  0.1638   4.5+
  6  0.1928   5.5+
  8  0.3181   6.5+
 10  0.3581   7.5+
 20  0.5192   8.5+
 24  0.5706   9.5+
 33  0.7640  10.5+
 40  0.8280  11.5+
 52  1.0529  12.5+
 69  1.3811  14.5+
 74  1.4673  15.5+
  0  0.9950  -1.0x   3  9.00E-02     5.3322E-02
  0  1.0900  -1.0x   2  5.00E-02     4.2245E-02 
  0  1.1500  -1.0x   3  8.50E-02     5.3322E-02
  0  1.1500  -1.0x   2  5.00E-02     4.2245E-02 
  0  1.2500  -1.0x   3  4.00E-02     7.8400E-02                            
  0  1.3500  -1.0x   3  3.20E-02                            
  0  1.4500  -1.0x   3  3.20E-02                            
  0  1.5500  -1.0x   3  3.20E-02     4.9371E-02                            
  0  1.6500  -1.0x   3  3.20E-02     5.7050E-02                            
  0  1.7500  -1.0x   3  3.20E-02     6.6360E-02                            
  0  1.8500  -1.0x   3  3.10E-02     7.4200E-02                            
  0  1.9500  -1.0x   4  2.10E-02                            
  0  1.9500  -1.0x   2  2.90E-02     3.5171E-02                            
  0  2.0500  -1.0x   2  2.90E-02     3.5171E-02                            
  0  2.1500  -1.0x   2  2.90E-02     3.5171E-02                            
  0  2.2500  -1.0x   2  2.70E-02                            
  0  2.3500  -1.0x   2  2.60E-02                            
  0  2.4500  -1.0x   2  2.40E-02                            
  0  2.5500  -1.0x   2  2.30E-02                            
  0  2.6500  -1.0x   2  2.20E-02                            
  0  2.7500  -1.0x   2  2.10E-02                            
  0  2.8500  -1.0x   2  2.00E-02                            
  0  2.9500  -1.0x   2  1.90E-02                            
  0  3.0500  -1.0x   2  1.80E-02                            
  0  3.1500  -1.0x   2  1.70E-02                            
  0  3.2500  -1.0x   2  1.60E-02                            
  0  3.3500  -1.0x   2  1.50E-02                            
#
94 240
 0.2080   0.0740  -0.0071
11  27
  1  0.0000   0.0+          !   Ex and J^pi for each state
  2  0.0428   2.0+
  3  0.1417   4.0+
  4  0.2943   6.0+
  5  0.4975   8.0+
  9  0.7478  10.0+
 18  1.0418  12.0+
 38  1.3756  14.0+
 57  1.7469  16.0+
 71  2.1531  18.0+
 74  2.5919  20.0+
  0  0.9950  -1.0x   3  9.00E-02     5.3322E-02
  0  1.0900  -1.0x   2  5.00E-02     4.2245E-02 
  0  1.1500  -1.0x   3  8.50E-02     5.3322E-02
  0  1.1500  -1.0x   2  5.00E-02     4.2245E-02 
  0  1.2500  -1.0x   3  4.00E-02     7.8400E-02                            
  0  1.3500  -1.0x   3  3.20E-02                            
  0  1.4500  -1.0x   3  3.20E-02                            
  0  1.5500  -1.0x   3  3.20E-02     4.9371E-02                            
  0  1.6500  -1.0x   3  3.20E-02     5.7050E-02                            
  0  1.7500  -1.0x   3  3.20E-02     6.6360E-02                            
  0  1.8500  -1.0x   3  3.10E-02     7.4200E-02                            
  0  1.9500  -1.0x   4  2.10E-02                            
  0  1.9500  -1.0x   2  2.90E-02     3.5171E-02                            
  0  2.0500  -1.0x   2  2.90E-02     3.5171E-02                            
  0  2.1500  -1.0x   2  2.90E-02     3.5171E-02                            
  0  2.2500  -1.0x   2  2.70E-02                            
  0  2.3500  -1.0x   2  2.60E-02                            
  0  2.4500  -1.0x   2  2.40E-02                            
  0  2.5500  -1.0x   2  2.30E-02                            
  0  2.6500  -1.0x   2  2.20E-02                            
  0  2.7500  -1.0x   2  2.10E-02                            
  0  2.8500  -1.0x   2  2.00E-02                            
  0  2.9500  -1.0x   2  1.90E-02                            
  0  3.0500  -1.0x   2  1.80E-02                            
  0  3.1500  -1.0x   2  1.70E-02                            
  0  3.2500  -1.0x   2  1.60E-02                            
  0  3.3500  -1.0x   2  1.50E-02                            
#
94 241
-1.0000  -1.0000  -1.0000
 5  27
  1  0.0000   2.5+          !   Ex and J^pi for each state
  2  0.0415   3.5+
  3  0.0957   4.5+
  4  0.1611   5.5+
 10  0.2350   6.5+
  0  0.9950  -1.0x   3  9.00E-02     5.3322E-02
  0  1.0900  -1.0x   2  5.00E-02     4.2245E-02 
  0  1.1500  -1.0x   3  8.50E-02     5.3322E-02
  0  1.1500  -1.0x   2  5.00E-02     4.2245E-02 
  0  1.2500  -1.0x   3  4.00E-02     7.8400E-02                            
  0  1.3500  -1.0x   3  3.20E-02                            
  0  1.4500  -1.0x   3  3.20E-02                            
  0  1.5500  -1.0x   3  3.20E-02     4.9371E-02                            
  0  1.6500  -1.0x   3  3.20E-02     5.7050E-02                            
  0  1.7500  -1.0x   3  3.20E-02     6.6360E-02                            
  0  1.8500  -1.0x   3  3.10E-02     7.4200E-02                            
  0  1.9500  -1.0x   4  2.10E-02                            
  0  1.9500  -1.0x   2  2.90E-02     3.5171E-02                            
  0  2.0500  -1.0x   2  2.90E-02     3.5171E-02                            
  0  2.1500  -1.0x   2  2.90E-02     3.5171E-02                            
  0  2.2500  -1.0x   2  2.70E-02                            
  0  2.3500  -1.0x   2  2.60E-02                            
  0  2.4500  -1.0x   2  2.40E-02                            
  0  2.5500  -1.0x   2  2.30E-02                            
  0  2.6500  -1.0x   2  2.20E-02                            
  0  2.7500  -1.0x   2  2.10E-02                            
  0  2.8500  -1.0x   2  2.00E-02                            
  0  2.9500  -1.0x   2  1.90E-02                            
  0  3.0500  -1.0x   2  1.80E-02                            
  0  3.1500  -1.0x   2  1.70E-02                            
  0  3.2500  -1.0x   2  1.60E-02                            
  0  3.3500  -1.0x   2  1.50E-02                            
#
94 242
 0.2020   0.0560   0.0097
 6  27
  1  0.0000   0.0+          !   Ex and J^pi for each state
  2  0.0445   2.0+
  3  0.1473   4.0+
  4  0.3064   6.0+
  5  0.5181   8.0+
  6  0.7787  10.0+
  0  0.9950  -1.0x   3  9.00E-02     5.3322E-02
  0  1.0900  -1.0x   2  5.00E-02     4.2245E-02 
  0  1.1500  -1.0x   3  8.50E-02     5.3322E-02
  0  1.1500  -1.0x   2  5.00E-02     4.2245E-02 
  0  1.2500  -1.0x   3  4.00E-02     7.8400E-02                            
  0  1.3500  -1.0x   3  3.20E-02                            
  0  1.4500  -1.0x   3  3.20E-02                            
  0  1.5500  -1.0x   3  3.20E-02     4.9371E-02                            
  0  1.6500  -1.0x   3  3.20E-02     5.7050E-02                            
  0  1.7500  -1.0x   3  3.20E-02     6.6360E-02                            
  0  1.8500  -1.0x   3  3.10E-02     7.4200E-02                            
  0  1.9500  -1.0x   4  2.10E-02                            
  0  1.9500  -1.0x   2  2.90E-02     3.5171E-02                            
  0  2.0500  -1.0x   2  2.90E-02     3.5171E-02                            
  0  2.1500  -1.0x   2  2.90E-02     3.5171E-02                            
  0  2.2500  -1.0x   2  2.70E-02                            
  0  2.3500  -1.0x   2  2.60E-02                            
  0  2.4500  -1.0x   2  2.40E-02                            
  0  2.5500  -1.0x   2  2.30E-02                            
  0  2.6500  -1.0x   2  2.20E-02                            
  0  2.7500  -1.0x   2  2.10E-02                            
  0  2.8500  -1.0x   2  2.00E-02                            
  0  2.9500  -1.0x   2  1.90E-02                            
  0  3.0500  -1.0x   2  1.80E-02                            
  0  3.1500  -1.0x   2  1.70E-02                            
  0  3.2500  -1.0x   2  1.60E-02                            
  0  3.3500  -1.0x   2  1.50E-02                            
#
95 240
-1.0000  -1.0000  -1.0000
 6  27
  1  0.0000   3.0-          !   Ex and J^pi for each state
  2  0.0410   4.0-
  5  0.0960   5.0-
  7  0.1580   6.0-
 10  0.2330   7.0-
 13  0.3160   8.0-
  0  0.9950  -1.0x   3  9.00E-02     5.3322E-02
  0  1.0900  -1.0x   2  5.00E-02     4.2245E-02 
  0  1.1500  -1.0x   3  8.50E-02     5.3322E-02
  0  1.1500  -1.0x   2  5.00E-02     4.2245E-02 
  0  1.2500  -1.0x   3  4.00E-02     7.8400E-02                            
  0  1.3500  -1.0x   3  3.20E-02                            
  0  1.4500  -1.0x   3  3.20E-02                            
  0  1.5500  -1.0x   3  3.20E-02     4.9371E-02                            
  0  1.6500  -1.0x   3  3.20E-02     5.7050E-02                            
  0  1.7500  -1.0x   3  3.20E-02     6.6360E-02                            
  0  1.8500  -1.0x   3  3.10E-02     7.4200E-02                            
  0  1.9500  -1.0x   4  2.10E-02                            
  0  1.9500  -1.0x   2  2.90E-02     3.5171E-02                            
  0  2.0500  -1.0x   2  2.90E-02     3.5171E-02                            
  0  2.1500  -1.0x   2  2.90E-02     3.5171E-02                            
  0  2.2500  -1.0x   2  2.70E-02                            
  0  2.3500  -1.0x   2  2.60E-02                            
  0  2.4500  -1.0x   2  2.40E-02                            
  0  2.5500  -1.0x   2  2.30E-02                            
  0  2.6500  -1.0x   2  2.20E-02                            
  0  2.7500  -1.0x   2  2.10E-02                            
  0  2.8500  -1.0x   2  2.00E-02                            
  0  2.9500  -1.0x   2  1.90E-02                            
  0  3.0500  -1.0x   2  1.80E-02                            
  0  3.1500  -1.0x   2  1.70E-02                            
  0  3.2500  -1.0x   2  1.60E-02                            
  0  3.3500  -1.0x   2  1.50E-02                            
#
95 241
-1.0000  -1.0000  -1.0000
 8  27
  1  0.0000   2.5-          !   Ex and J^pi for each state
  2  0.0412   3.5-
  3  0.0937   4.5-
  4  0.1575   5.5-
  6  0.2337   6.5-
  8  0.2390   7.5-
 14  0.4182   8.5-
 20  0.5256   9.5-
  0  0.9950  -1.0x   3  9.00E-02     5.3322E-02
  0  1.0900  -1.0x   2  5.00E-02     4.2245E-02 
  0  1.1500  -1.0x   3  8.50E-02     5.3322E-02
  0  1.1500  -1.0x   2  5.00E-02     4.2245E-02 
  0  1.2500  -1.0x   3  4.00E-02     7.8400E-02                            
  0  1.3500  -1.0x   3  3.20E-02                            
  0  1.4500  -1.0x   3  3.20E-02                            
  0  1.5500  -1.0x   3  3.20E-02     4.9371E-02                            
  0  1.6500  -1.0x   3  3.20E-02     5.7050E-02                            
  0  1.7500  -1.0x   3  3.20E-02     6.6360E-02                            
  0  1.8500  -1.0x   3  3.10E-02     7.4200E-02                            
  0  1.9500  -1.0x   4  2.10E-02                            
  0  1.9500  -1.0x   2  2.90E-02     3.5171E-02                            
  0  2.0500  -1.0x   2  2.90E-02     3.5171E-02                            
  0  2.1500  -1.0x   2  2.90E-02     3.5171E-02                            
  0  2.2500  -1.0x   2  2.70E-02                            
  0  2.3500  -1.0x   2  2.60E-02                            
  0  2.4500  -1.0x   2  2.40E-02                            
  0  2.5500  -1.0x   2  2.30E-02                            
  0  2.6500  -1.0x   2  2.20E-02                            
  0  2.7500  -1.0x   2  2.10E-02                            
  0  2.8500  -1.0x   2  2.00E-02                            
  0  2.9500  -1.0x   2  1.90E-02                            
  0  3.0500  -1.0x   2  1.80E-02                            
  0  3.1500  -1.0x   2  1.70E-02                            
  0  3.2500  -1.0x   2  1.60E-02                            
  0  3.3500  -1.0x   2  1.50E-02                            
#
95 242
-1.0000  -1.0000  -1.0000
 8  27
  1  0.0000   1.0-          !   Ex and J^pi for each state
  2  0.0441   0.0-
  4  0.0527   3.0-
  5  0.0758   2.0-
  8  0.1480   5.0-
  9  0.1497   4.0-
 15  0.2630   6.0-
 16  0.2631   7.0-
  0  0.9950  -1.0x   3  9.00E-02     5.3322E-02
  0  1.0900  -1.0x   2  5.00E-02     4.2245E-02 
  0  1.1500  -1.0x   3  8.50E-02     5.3322E-02
  0  1.1500  -1.0x   2  5.00E-02     4.2245E-02 
  0  1.2500  -1.0x   3  4.00E-02     7.8400E-02                            
  0  1.3500  -1.0x   3  3.20E-02                            
  0  1.4500  -1.0x   3  3.20E-02                            
  0  1.5500  -1.0x   3  3.20E-02     4.9371E-02                            
  0  1.6500  -1.0x   3  3.20E-02     5.7050E-02                            
  0  1.7500  -1.0x   3  3.20E-02     6.6360E-02                            
  0  1.8500  -1.0x   3  3.10E-02     7.4200E-02                            
  0  1.9500  -1.0x   4  2.10E-02                            
  0  1.9500  -1.0x   2  2.90E-02     3.5171E-02                            
  0  2.0500  -1.0x   2  2.90E-02     3.5171E-02                            
  0  2.1500  -1.0x   2  2.90E-02     3.5171E-02                            
  0  2.2500  -1.0x   2  2.70E-02                            
  0  2.3500  -1.0x   2  2.60E-02                            
  0  2.4500  -1.0x   2  2.40E-02                            
  0  2.5500  -1.0x   2  2.30E-02                            
  0  2.6500  -1.0x   2  2.20E-02                            
  0  2.7500  -1.0x   2  2.10E-02                            
  0  2.8500  -1.0x   2  2.00E-02                            
  0  2.9500  -1.0x   2  1.90E-02                            
  0  3.0500  -1.0x   2  1.80E-02                            
  0  3.1500  -1.0x   2  1.70E-02                            
  0  3.2500  -1.0x   2  1.60E-02                            
  0  3.3500  -1.0x   2  1.50E-02                            
#
95 243
-1.0000  -1.0000  -1.0000
 3  27
  1  0.0000   2.5-          !   Ex and J^pi for each state
  2  0.0422   3.5-
  4  0.0964   4.5- 
  0  0.9950  -1.0x   3  9.00E-02     5.3322E-02
  0  1.0900  -1.0x   2  5.00E-02     4.2245E-02 
  0  1.1500  -1.0x   3  8.50E-02     5.3322E-02
  0  1.1500  -1.0x   2  5.00E-02     4.2245E-02 
  0  1.2500  -1.0x   3  4.00E-02     7.8400E-02                            
  0  1.3500  -1.0x   3  3.20E-02                            
  0  1.4500  -1.0x   3  3.20E-02                            
  0  1.5500  -1.0x   3  3.20E-02     4.9371E-02                            
  0  1.6500  -1.0x   3  3.20E-02     5.7050E-02                            
  0  1.7500  -1.0x   3  3.20E-02     6.6360E-02                            
  0  1.8500  -1.0x   3  3.10E-02     7.4200E-02                            
  0  1.9500  -1.0x   4  2.10E-02                            
  0  1.9500  -1.0x   2  2.90E-02     3.5171E-02                            
  0  2.0500  -1.0x   2  2.90E-02     3.5171E-02                            
  0  2.1500  -1.0x   2  2.90E-02     3.5171E-02                            
  0  2.2500  -1.0x   2  2.70E-02                            
  0  2.3500  -1.0x   2  2.60E-02                            
  0  2.4500  -1.0x   2  2.40E-02                            
  0  2.5500  -1.0x   2  2.30E-02                            
  0  2.6500  -1.0x   2  2.20E-02                            
  0  2.7500  -1.0x   2  2.10E-02                            
  0  2.8500  -1.0x   2  2.00E-02                            
  0  2.9500  -1.0x   2  1.90E-02                            
  0  3.0500  -1.0x   2  1.80E-02                            
  0  3.1500  -1.0x   2  1.70E-02                            
  0  3.2500  -1.0x   2  1.60E-02                            
  0  3.3500  -1.0x   2  1.50E-02                            
END
