#         Experimental Giant Dipole Resonance parmaters
#  Z   A El  N  M    E1     CS1     W1    E2     CS2    W2    Ref.
#                  [MeV]   [mb]   [MeV] [MeV]   [mb]  [MeV]
#-----------------------------------------------------------------
   6  12  C  1  2  22.60    6.3   1.90  26.50    2.6   8.60  95Li1
   7  14  N  1  2  20.60    2.9   4.30  23.50   13.9   4.50  95Li1
   8  16  O  1  1  24.50    6.5   6.20                       95Li1
  13  27 Al  1  2  21.10   12.5   6.10  29.50    6.7   8.70  95Li1
  14  28 Si  1  2  20.10   10.5   3.90  26.50    3.7   8.70  95Li1
  23  51  V  2  2  17.93   53.3   3.62  20.95   40.7   7.15  74Ve1
  24  54 Cr  1  1  17.80   88.0   6.50                       77Wei
  25  55 Mn  1  2  16.82   51.4   4.33  20.09   45.2   4.09  79Al2
  27  59 Co  1  2  16.43   28.3   2.73  18.66   58.4   7.38  79Al2
  28  60 Ni  1  2  16.30   34.1   2.44  18.51   55.2   6.37  74Fu3
  29  63 Cu  2  2  16.72   66.1   4.19  19.10   30.1   3.56  68Su1
  29  63 Cu  2  2  16.24   60.8   4.65  19.65   26.8   4.59  64Fu1
  29  65 Cu  1  1  16.70   75.2   6.89                       64Fu1
  30  64 Zn  1  2  16.23   41.4   3.27  19.19   56.1   5.98  76Ca1
  31   0 Ga  1  1  16.69  107.0   6.91                       76Ca1
  32  70 Ge  1  1  16.79   89.4   7.66                       76Ca1
  32  72 Ge  1  1  16.67  107.0   7.68                       76Ca1
  32  74 Ge  1  2  14.52   23.9   1.92  17.02  102.3   8.18  76Ca1
  32  76 Ge  1  2  15.51   59.4   4.36  18.83   73.0  11.44  76Ca1
  33  75 As  2  2  15.23   69.2   4.52  18.24   74.6   7.75  76Ca1
  34  76 Se  1  2  14.95   68.2   3.84  18.40   81.8   6.47  76Ca1
  34  78 Se  1  2  15.23   35.8   2.58  17.18  101.8   8.55  76Ca1
  34  80 Se  1  1  16.53  136.0   6.90                       76Ca1
  34  82 Se  1  1  16.65  148.0   5.91                       76Ca1
  37   0 Rb  1  1  16.80  190.0   4.47                       71Le1
  38   0 Sr  1  1  16.84  206.0   4.50                       71Le1
  39  89  Y  3  1  16.79  205.3   3.96                       71Le1,67Be2,72Yo
  40  90 Zr  2  1  16.79  198.0   4.09                       71Le1,67Be2
  40  90 Zr  2  1  16.74  211.0   4.16                       71Le1
  40  91 Zr  1  1  16.58  184.0   4.20                       67Be2
  40  92 Zr  1  1  16.26  166.0   4.68                       67Be2
  40  94 Zr  1  1  16.22  161.0   5.29                       67Be2
  40   0 Zr  1  1  16.52  174.0   4.41                       86Be1
  41  93 Nb  1  1  16.59  200.0   5.05                       71Le1
  42  92 Mo  1  1  16.82  162.0   4.14                       74Be3
  42  94 Mo  1  1  16.36  185.0   5.50                       74Be3
  42  96 Mo  1  1  16.20  185.0   6.01                       74Be3
  42  98 Mo  1  1  15.80  189.0   5.94                       74Be3
  42 100 Mo  1  1  15.74  171.0   7.81                       74Be3
  45 103 Rh  1  1  16.16  191.0   7.26                       74Le1
  46   0 Pd  1  1  15.92  199.0   7.18                       74Le1
  47   0 Ag  1  1  16.07  199.0   7.38                       74Le1
  47 107 Ag  1  1  15.90  150.0   6.71                       69Be1
  48   0 Cd  1  1  15.81  227.0   6.22                       74Le1
  49 115 In  2  1  15.67  256.5   5.42                       74Le1,69Ful
  50 116 Sn  2  1  15.56  271.0   5.08                       74Le1
  50 116 Sn  2  1  15.68  266.0   4.19                       69Fu1
  50 117 Sn  2  1  15.64  259.0   5.04                       74Le1
  50 117 Sn  2  1  15.66  254.0   5.02                       69Fu1
  50 118 Sn  2  1  15.44  279.0   4.86                       74Le1
  50 118 Sn  2  1  15.59  256.0   4.77                       69Fu1
  50 119 Sn  1  1  15.53  253.0   4.81                       69Fu1
  50 120 Sn  2  1  15.37  285.0   5.10                       74Le1
  50 120 Sn  2  1  15.40  280.0   4.89                       69Fu1
  50 124 Sn  2  1  15.28  276.0   4.80                       74Le1
  50 124 Sn  2  1  15.19  283.0   4.81                       69Fu1
  51   0 Sb  1  1  15.48  277.0   5.05                       74Le1
  52   0 Te  1  1  15.46  297.0   5.32                       74Le1
  52 124 Te  1  1  15.24  281.0   5.56                       76Le2
  52 126 Te  1  1  15.17  296.0   5.44                       76Le2
  52 128 Te  1  1  15.13  305.0   5.36                       76Le2
  52 130 Te  1  1  15.12  320.0   5.03                       76Le2
  53 127  I  3  2  14.74  111.0   3.34  15.88  156.0   6.44  86Be1
  53 127  I  3  2  14.24  118.0   3.24  16.27  149.0   5.27  66Br1
  53 127  I  3  2  14.57  239.0   4.08  16.69  118.0   4.92  69Be6
  55 133 Cs  2  1  15.34  317.0   5.31                       74Le1
  55 133 Cs  2  1  15.25  287.0   5.01                       69Be1
  56   0 Ba  1  1  15.29  356.0   4.89                       71Be4
  56 138 Ba  1  1  15.26  327.0   4.61                       70Be8
  57 139 La  1  1  15.24  336.0   4.47                       71Be4
  58 140 Ce  1  1  15.04  383.0   4.41                       76Le2
  58 142 Ce  1  1  14.86  332.0   5.10                       76Le2
  59 141 Pr  6  1  15.19  340.0   4.15                       86Be1
  59 141 Pr  6  1  15.15  324.0   4.42                       66Br1
  59 141 Pr  6  1  15.23  341.0   4.00                       70Su1
  59 141 Pr  6  1  15.04  347.0   4.49                       71Be4
  59 141 Pr  6  1  15.36  332.0   4.07                       72Yo 
  59 141 Pr  6  1  15.19  344.0   4.24                       80Ca1
  60   0 Nd  1  1  14.92  315.0   4.70                       71Be4
  60 142 Nd  1  1  14.94  359.0   4.44                       71Ca1
  60 143 Nd  1  1  15.01  349.0   4.75                       71Ca1
  60 144 Nd  1  1  15.05  317.0   5.28                       71Ca1
  60 145 Nd  1  1  14.95  296.0   6.31                       71Ca1
  60 146 Nd  1  1  14.74  310.0   5.78                       71Ca1
  60 148 Nd  1  2  12.76  107.0   3.97  15.48  220.0   5.30  71Ca1
  60 150 Nd  1  2  12.30  175.0   3.38  16.04  223.0   5.17  71Ca1
  62 144 Sm  1  1  15.32  383.0   4.45                       74Ca5
  62 148 Sm  1  1  14.82  339.0   5.09                       74Ca5
  62 150 Sm  1  1  14.61  312.0   5.97                       74Ca5
  62 152 Sm  1  2  12.38  176.0   2.97  15.74  234.0   5.22  74Ca5
  62 154 Sm  1  2  12.27  181.0   2.95  15.94  215.0   5.70  74Ca5
  63 153 Eu  1  2  12.33  155.0   2.75  15.79  222.0   5.83  69Be8
  64 156 Gd  1  2  11.2   180.0   2.6   15.20  242.0   3.60  92Kop
  64 157 Gd  1  2  11.2   180.0   2.6   15.20  242.0   3.60  92Kop
  64 158 Gd  1  2  11.7   165.0   2.6   14.90  249.0   3.80  92Kop 
  64 160 Gd  1  2  12.23  215.0   2.77  15.96  233.0   5.28  69Be8
  65 159 Tb  2  2  12.22  181.0   2.64  15.67  220.0   4.97  64Br1
  65 159 Tb  2  2  12.07  196.0   2.98  15.88  248.0   5.10  68Be5
  67 165 Ho  3  2  12.01  239.0   2.52  15.59  291.0   5.12  68Be5
  67 165 Ho  3  2  12.02  238.0   2.35  15.59  308.0   4.85  66Ax1
  67 165 Ho  3  2  12.28  214.0   2.57  15.78  246.0   5.00  69Be8
  68   0 Er  1  2  12.12  242.0   2.76  15.58  259.0   4.74  69Be6
  70 174 Yb  1  2  12.32  217.0   2.57  15.47  287.0   4.70  81Ram
  71 175 Lu  1  2  12.32  217.0   2.57  15.47  287.0   4.70  69Be6
  73 181 Ta  2  2  12.30  259.0   2.43  15.23  341.0   4.48  68Be5
  73 181 Ta  2  2  12.54  154.0   1.67  14.95  273.0   5.23  63Br1
  74   0  W  1  2  12.56  268.0   2.66  15.17  328.0   4.69  75Ve5
  74 186  W  1  2  12.59  211.0   2.29  14.88  334.0   5.18  69Be8
  75   0 Re  1  2  12.63  279.0   2.77  15.24  375.0   4.69  75Ve5
  76 186 Os  1  2  13.03  308.0   3.13  15.26  302.0   3.38  79Be4
  76 188 Os  1  2  12.81  260.0   2.76  14.88  390.0   4.19  79Be4
  76 189 Os  1  2  12.68  268.0   2.71  14.68  395.0   3.62  79Be4
  76 190 Os  1  2  12.68  206.0   2.60  14.40  401.0   4.16  79Be4
  76 192 Os  1  2  12.68  206.0   2.49  14.35  389.0   4.41  79Be4
  77   0 Ir  1  1  13.80  487.0   5.08                       75Ve5
  78   0 Pt  1  1  13.72  512.0   4.99                       75Ve5
  79 197 Au  3  1  13.72  541.0   4.61                       70Ve1
  79 197 Au  3  1  13.82  560.0   3.84                       62Fu2
  79 197 Au  3  1  13.73  502.0   4.76                       86Be1
  80   0 Hg  1  1  13.72  582.0   4.39                       75Ve5
  82   0 Pb  1  1  13.48  602.0   4.20                       86Be1
  82 206 Pb  1  1  13.59  514.0   3.85                       64Ha2
  82 207 Pb  1  1  13.56  481.0   3.96                       64Ha2
  82 208 Pb  3  1  13.43  639.0   4.07                       70Ve1
  82 208 Pb  3  1  13.46  491.0   3.90                       64Ha2
  82 208 Pb  3  1  13.63  645.0   3.94                       72Yo 
  83 209 Bi  2  1  13.45  521.0   3.97                       64Ha2
  83 209 Bi  2  1  13.56  648.0   3.72                       72Yo 
  90 232 Th  2  2  11.26  283.0   4.32  14.18  306.0   4.48  73Ve1
  90 232 Th  2  2  11.03  302.0   2.71  13.87  449.0   4.77  80Ca1
  92 233  U  1  2  11.08  221.0   1.94  13.86  433.0   5.47  86Be2
  92 234  U  1  2  11.13  371.0   2.26  13.94  401.0   4.46  86Be2
  92 235  U  2  2  10.90  328.0   2.30  13.96  459.0   4.75  80Ca1
  92 235  U  2  2  10.58  380.0   1.77  13.84  531.0   4.55  64Bo3
  92 236  U  1  2  10.92  271.0   2.55  13.78  415.0   4.88  80Ca1
  92 238  U  2  2  10.94  296.0   2.65  14.00  381.0   4.59  73Ve1
  92 238  U  2  2  10.77  311.0   2.37  13.80  459.0   5.13  80Ca1
  93 237 Np  2  2  11.02  256.0   2.94  14.11  392.0   4.71  73Ve1
  93 237 Np  2  2  10.98  311.0   2.17  14.08  540.0   4.66  86Be2
  94 239 Pu  1  2  11.28  325.0   2.48  13.73  384.0   4.25  86Be2
