#                  Resonance data for p-wave resonances 
# Z El  A    Io    Bn        D1        dD      S1   dS    Gg    dG    Ref
#                 [MeV]    [keV]     [keV]  [1E-4][1E-4] [meV] [meV]
#========================================================================
  9 F   19  0.5   6.601  6.00E+01  1.00E+01   7.50  3.40    -1    -1  06M
 11 Na  23  1.5   6.960  5.00E+01  1.00E+01   1.7   0.5     -1    -1  07I
 12 Mg  24   .0   7.331  1.60E+02  2.40E+01   1.1   0.5     -1    -1  07I
 12 Mg  25  2.5  11.094  3.00E+01  8.00E+00   2.0   1.0     -1    -1  07I
 13 Al  27  2.5   7.725  2.75E+01  2.50E+00   2.1   0.4   2500  1000  07I
 14 Si  28   .0   8.474  7.50E+01  1.00E+01   0.85  0.25  2700   900  97I     
 14 Si  29  0.5  10.609  8.54E+01  9.50E+00   1.3   0.2    480    20  97I     
 14 Si  30   .0   6.587  1.09E+02  1.10E+01   0.50  0.15    -1    -1  97I
 15 P   31  0.5   7.937  2.00E+01  2.00E+00   1.5   0.5   2000   400  08M
 16 S   32   .0   8.642  4.63E+01  4.10E+00   0.67  0.17  1310  1000  06M
 16 S   33  1.5  11.416  9.35E+00  9.00E-01   2.53  0.68  1600   600  06M
 16 S   34   .0   6.986  4.75E+01  4.00E+00   0.72  0.19    -1    -1  06M
 17 Cl  35  1.5   8.579  6.60E+00  3.00E+00   1.80  0.30   610   150  06M
 17 Cl  37  1.5   6.108  7.60E+00  5.00E-01   0.70  0.20    -1    -1  07I
 20 Ar  40   .0   6.100  1.60E+01  3.00E+00   0.44  0.08    -1    -1  07I
 19 K   39  1.5   7.800  5.60E+00  1.00E+00   1.0   0.3    412   190  06M  
 19 K   41  1.5   7.534  4.80E+00  8.00E-01   2.0   0.4    540   200  07I  
 20 Ca  40   .0   8.363  1.60E+01  1.00E+00   0.32  0.05   360    90  06M  
 22 Ti  48   .0   8.142  8.70E+00  8.70E-01   1.21  0.34   430   210  06M  
 22 Ti  50   .0   6.372  8.30E+00  5.30E-01   0.54  0.10   270    90  06M  
 23 V   51  3.5   7.311  1.70E+00  1.40E-01   1.3   0.3    490   130  06M  
 24 Cr  50   .0   9.261  3.70E+00  3.00E-01   0.68  0.12   970   300  06M  
 24 Cr  52   .0   7.939  1.03E+01  6.00E-01   0.43  0.06   700   300  07I  
 24 Cr  53  1.5   9.719  3.06E+00  2.00E-01   0.49  0.09   560   160  06M  
 24 Cr  54   .0   6.246  1.05E+01  5.00E-01   0.75  0.12   600   200  07I  
 25 Mn  55  2.5   7.270  1.20E+00  1.50E-01   0.3   0.10   400   100  96I  
 26 Fe  54   .0   9.298  5.00E+00  5.00E-01   0.42  0.08   500   100  04I  
 26 Fe  56   .0   7.646  7.70E+00  5.00E-01   0.41  0.06   500   150  04I
 26 Fe  57   .5  10.044  2.40E+00  4.00E-01   0.42  0.08   750   250  96I  
 26 Fe  58   .0   6.581  5.03E+00  3.00E-01   0.85  0.14   365   105  06M 
 28 Ni  58   .0   8.999  3.20E+00  3.70E-01   0.48  0.06   690   300  04I  
 28 Ni  60   .0   7.820  3.85E+00  3.10E-01   0.63  0.07   680    60  08L  
 28 Ni  64   .0   6.098  6.50E+00  9.00E-01   0.70  0.15    -1    -1  07I  
 29 Cu  63  1.5   7.916  3.05E-01  3.00E-02   0.44  0.07   260    80  07I  
 29 Cu  65  1.5   7.065  6.85E-01  6.00E-02   0.47  0.08   370   110  96I  
 30 Zn  64   .0   7.979  1.10E+00  1.00E-01   0.60  0.06   272    30  81G  
 30 Zn  66   .0   7.052  1.17E+00  1.40E-01   0.66  0.06   190    60  82G  
 30 Zn  67  2.5  10.198  1.23E-01  5.00E-03   0.78  0.07    -1    -1  06M  
 30 Zn  68   .0   6.482  1.63E+00  1.40E-01   0.56  0.05   170    20  82G  
 30 Zn  70   .0   5.834  1.90E+00  2.40E-01   0.68  0.05    -1    -1  07I  
 31 Ga  69  1.5   7.654  1.80E-01  6.00E-02   1.0   0.3     -1    -1  07I  
 31 Ga  71  1.5   6.520  1.13E-01  2.30E-02   2.0   0.6    220    30  06M  
 33 As  75  1.5   7.328  5.00E-02  6.00E-03   1.5   0.3    300    60  07I  
 34 Se  76   .0   7.419  2.00E-01  5.00E-03   3.4   1.0     -1    -1  07I  
 34 Se  77   .5  10.498  5.40E-02  5.00E-03   4.3   1.0     -1    -1  06M  
 34 Se  78   .0   6.963  5.00E-01  2.40E-01   3.5   1.0     -1    -1  07I  
 35 Br  79  1.5   7.892  2.70E-02  5.00E-03   2.4   0.3     -1    -1  07I  
 35 Br  81  1.5   7.593  6.00E-02  7.00E-03   1.8   0.3     -1    -1  07I  
 36 Kr  84   .0   7.121  1.65E+00  1.65E-01   4.8   1.1    207    20  06M  
 36 Kr  86   .0   5.515  1.01E+01  4.00E-01   4.7   0.5    255   130  07I  
 37 Rb  85  2.5   8.650  8.50E-02  1.00E-02   2.8   0.4    260    40  07I  
 38 Sr  87  4.5  11.113  1.56E-01  1.10E-02   2.7   0.6     -1    -1  06M  
 38 Sr  88   .0   6.359  5.40E+00  2.00E-01   5.1   0.6    260    60  00K  
 39 Y   89   .5   6.857  1.29E+00  5.00E-02   4.4   0.5    300    90  07I  
 40 Zr  90   .0   7.194  2.50E+00  5.00E-01   3.8   0.5    250    50  04I  
 40 Zr  91  2.5   8.635  2.50E-01  3.00E-02   7.8   1.3    220    30  07I  
 40 Zr  92   .0   6.735  1.40E+00  2.00E-01   6.4   1.5    220    50  96I  
 40 Zr  93  2.5   8.221  1.20E-01  2.00E-02   9.9   1.2    240    30  07I  
 40 Zr  94   .0   6.462  1.60E+00  2.00E-01   9.4   1.2    180    30  04I  
 40 Zr  96   .0   5.575  4.00E+00  8.00E-01   9.0   2.0    120    75  04I  
 41 Nb  93  4.5   7.227  5.00E-02  6.00E-03   5.8   0.8    220    20  07I  
 42 Mo  92   .0   8.070  9.00E-01  6.00E-02   3.6   0.6    240    40  04I  
 42 Mo  94   .0   7.369  5.08E-01  4.70E-02   7.2   2.7    188    10  06M  
 42 Mo  95  2.5   9.154  3.80E-02  5.00E-03   6.9   1.8    210    40  06M  
 42 Mo  96   .0   6.821  3.50E-01  5.00E-02   7.1   1.6    140    20  96I  
 42 Mo  97  2.5   8.643  2.20E-02  8.60E-03   7.85  1.53    -1    -1  06M  
 42 Mo  98   .0   5.925  2.90E-01  3.00E-02   6.3   2.1    145    20  07I  
 42 Mo 100   .0   5.398  2.60E-01  3.00E-02   5.0   0.8     95    15  04I  
 43 Tc  99  4.5   6.764 -1.00E+00 -1.00E+00   5.3   0.5     -1    -1  04I  
 44 Ru 100   .0   6.802  1.15E-01  2.00E-02   4.3   0.6    130    30  04I  
 44 Ru 102   .0   6.232  1.05E-01  1.50E-02   4.6   0.6     -1    -1  04I  
 44 Ru 104   .0   5.910  1.20E-01  1.50E-02   3.5   0.5     -1    -1  04I  
 45 Rh 103   .5   6.999  1.30E-02  1.50E-03   5.6   0.6     -1    -1  04I  
 46 Pd 104   .0   7.094  8.10E-02  7.00E-03   5.3   0.5     -1    -1  06M  
 46 Pd 105  2.5   9.561  5.00E-03  1.00E-03   4.1   0.8    150    15  04I  
 46 Pd 106   .0   6.538  8.50E-02  1.90E-02   4.0   1.0    102    10  98C  
 46 Pd 108   .0   6.154  9.50E-02  2.40E-02   4.0   1.0    104    10  98C  
 46 Pd 110   .0   5.726  7.60E-02  2.00E-02   5.8   1.0     98    17  04I  
 47 Ag 107   .5   7.271  1.00E-02  2.00E-03   4.5   0.6     -1    -1  04I  
 48 Cd 106   .0   7.924  5.20E-02  6.00E-03   4.7   1.5    175    25  06M  
 48 Cd 108   .0   7.327  9.20E-02  2.00E-02   6.0   1.0    125    20  04I  
 48 Cd 110   .0   6.976  8.00E-02  5.00E-03   5.1   0.4     80    15  06M  
 48 Cd 111   .5   9.394  1.40E-02  1.00E-03   4.7   0.5     -1    -1  06M  
 48 Cd 112   .0   6.540  5.90E-02  3.00E-03   4.8   0.4     94    16  06M  
 48 Cd 113   .5   9.043  1.10E-02  1.20E-03   3.0   0.5    160    20  94F  
 48 Cd 114   .0   6.141  8.70E-02  8.00E-03   4.3   0.6     84     8  06M  
 48 Cd 116   .0   5.777  2.15E-01  2.00E-02   3.8   0.5     76     6  06M  
 49 In 115  4.5   6.785  5.10E-03  4.00E-04   3.6   0.4     -1    -1  07I  
 50 Sn 116   .0   6.943  1.55E+00  6.00E-03   2.84  0.32    85     2  06M  
 50 Sn 117   .5   9.327  3.10E-02  3.00E-03   2,9   0.3    136     7  06M  
 50 Sn 120   .0   6.170  4.10E-01  2.00E-02   2.1   0.2     77     5  04I  
 50 Sn 122   .0   5.946  1.03E+00  3.00E-02   1.88  0.15    -1    -1  06M  
 50 Sn 124   .0   5.733  1.63E+00  7.00E-02   2.2   0.3     -1    -1  06M  
 52 Te 122   .0   6.929  6.00E-02  2.00E-02   1.7   0.5     -1    -1  07I  
 52 Te 124   .0   6.569  1.30E-01  3.00E-02   1.7   0.3     75    15  07I  
 52 Te 126   .0   6.287  2.00E-01  5.00E-02   1.5   0.3     80    15  07I  
 52 Te 128   .0   6.082  5.00E-01  5.00E-02   1.3   0.3     84    15  07I  
 52 Te 130   .0   5.929  1.04E+00  1.50E-01   0.82  0.16    -1    -1  07I  
 54 Xe 136   .0   4.025  9.60E+00  9.00E-01   0.88  0.15    -1    -1  97I  
 56 Ba 134   .0   6.973  1.63E-01  1.10E-02   3.0   0.6     85    20  96K  
 56 Ba 136   .0   6.900  5.22E-01  3.40E-02   1.8   0.3    163    30  96K  
 56 Ba 138   .0   4.723  6.76E+00  6.70E-01   1.1   0.3     31     4  06M  
 58 Ce 140   .0   5.428  1.00E+00  2.00E-01   0.40  0.15    30     6  96I  
 60 Nd 142   .0   6.123  3.90E-01  3.30E-02   0.58  0.13    48     5  06M  
 60 Nd 143  3.5   7.817  2.10E-02  4.00E-03   0.85  0.31    -1    -1  06M  
 60 Nd 144   .0   5.755  2.02E-01  1.40E-02   0.77  0.15    -1    -1  06M  
 60 Nd 146   .0   5.292 -1.00E+00 -1.00E+00   1.2   0.4     -1    -1  06M  
 60 Nd 148   .0   5.038 -1.00E+00 -1.00E+00   0.85  0.15    -1    -1  00I  
 62 Sm 144   .0   5.038  2.65E-01  2.20E-02   0.9   0.09    61    10  06M  
 80 Hg 200   .0   6.230  2.00E-01  4.00E-02   0.6   0.15    -1    -1  07I  
 81 Tl 203   .5   6.656  2.00E-01  2.00E-02   0.26  0.05    35     9  06M  
 81 Tl 205   .5   6.504  1.14E+00  8.00E-02   0.31  0.06    33     5  06M  
 82 Pb 204   .0   6.732  6.90E-01  6.00E-02   0.35  0.06   135    25  06M  
 82 Pb 206   .0   6.738  5.40E+00  5.00E-01   0.37  0.1    350   150  04I  
 82 Pb 207   .5   7.367  4.80E+00  8.00E-01   0.5   0.1    470   170  04I  
 82 Pb 208   .0   3.937  3.00E+01  5.00E+00   0.33  0.06    -1    -1  04I  
 83 Bi 209  4.5   4.604  1.05E+00  1.00E-01   0.25  0.05    39    12  04I  
 90 Th 232   .0   4.786  5.90E-03  2.00E-04   1.5   0.3     -1    -1  04I  
 92 U  238   .0   4.806  7.70E-03  3.00E-03   1.6   0.2     -1    -1  04I  
