  1H     1    1    1    0    1    1    0.000000    0.000000
  1   0.000000   0.5  1  -1.00E+00  0                      1/2+  0
  2H     2    1    1    0    1    1    2.224573    2.224573
  1   0.000000   1.0  1  -1.00E+00  0                        1+  0
  3H     3    1    1    0    1    1    6.257249    0.000000
  1   0.000000   0.5  1   3.89E+08  0                      1/2+  1 =    100.0000 %B-    
  4H     4    1    4    0    1    4   -2.910000    0.000000
  1   0.000000   2.0 -1             0                        2-  1 =    100.0000 %N     
  2   0.310000   1.0 -1   6.78E-23  0                        1-  1 =    100.0000 %N     
  3   2.080000   0.0 -1   5.11E-23  0                        0-  1 =    100.0000 %N     
  4   2.830000   1.0 -1   3.51E-23  0                        1-  1 =    100.0000 %N     
  5H     5    1    1    0    1    1   -2.830000    0.000000
  1   0.000000  -1.0  0             0                            1 =    100.0000 %N     
  6H     6    1    1    0    1    1    3.040000    0.000000
  1   0.000000   2.0 -1   2.85E-22  0                      (2-)  1 =    100.0000 %N     
