  3He    3    2    1    0    1    1    0.000000    5.493485
  1   0.000000   0.5  1  -1.00E+00  0                      1/2+  0
  4He    4    2   16    0    1   16   20.577620   19.813850
  1   0.000000   0.0  1  -1.00E+00  0                        0+  0
  2  20.210001   0.0  1   9.12E-22  0                        0+  1 =    100.0000 %P     
  3  21.010000   0.0 -1   5.43E-22  0                        0-  2 =     76.0000 %P      =     24.0000 %N     
  4  21.840000   2.0 -1   2.27E-22  0                        2-  2 =     63.0000 %P      =     37.0000 %N     
  5  23.330002   2.0 -1   9.11E-23  0                        2-  2 =     53.0000 %P      =     47.0000 %N     
  6  23.640001   1.0 -1   7.36E-23  0                        1-  3 =     55.0000 %P      =     45.0000 %N      ?      0.0000 %IT    
  7  24.250002   1.0 -1   7.48E-23  0                        1-  2 =     50.0000 %P      =     47.0000 %N     
  8  25.280001   0.0 -1   5.72E-23  0                        0-  2 =     52.0000 %P      =     48.0000 %N     
  9  25.950001   1.0 -1   3.60E-23  0                        1-  3 =     52.0000 %P      =     48.0000 %N      ?      0.0000 %IT    
 10  27.420002   2.0  1   5.25E-23  0                        2+  2 =      3.0000 %P      =      3.0000 %N     
 11  28.310001   1.0  1   4.61E-23  0                        1+  2 =     48.0000 %P      =     47.0000 %N     
 12  28.370001   1.0 -1   1.16E-22  0                        1-  2 =      2.0000 %P      =      2.0000 %N     
 13  28.390001   2.0 -1   5.21E-23  0                        2-  2 =      0.2000 %P      =      0.2000 %N     
 14  28.640001   0.0 -1   9.33E-23  0                        0-  0
 15  28.670002   2.0  1   1.21E-22  0                        2+  1 ?      0.0000 %IT    
 16  29.890001   2.0  1   4.69E-23  0                        2+  2 =      0.4000 %P      =      0.4000 %N     
  5He    5    2    1    0    1    1   -0.894000   21.830002
  1   0.000000   1.5 -1   7.04E-22  0                      3/2-  1 ?      0.0000 %N     
  6He    6    2    8    0    1    2    1.867000   26.520000
  1   0.000000   0.0  1   8.07E-01  0                        0+  1 =    100.0000 %B-    
  2   1.797000   2.0  1   4.04E-21  0                        2+  2 ?      0.0000 %N      ?      0.0000 %A     
  3   5.600000  -1.0  0   3.77E-23  0              (2+, 1-, 0+)  0
  4  13.900001  -1.0  0   6.16E-23  0                   (1-,2-)  0
  5  15.500001  -1.0  0   1.14E-22  0                            0
  6  24.200001  -1.0  0   4.19E-23  0                            0
  7  32.000000  -1.0  0   2.28E-22  0                            0
  8  36.000000  -1.0  0   2.28E-22  0                            0
  7He    7    2    3    0    1    1   -0.445000   23.040001
  1   0.000000   1.5 -1   3.04E-21  0                    (3/2)-  1 ?      0.0000 %N     
  2   2.920000   2.5 -1   2.29E-22  0                    (5/2-)  1 ?      0.0000 %N     
  3   5.800000  -1.0  0   1.14E-22  0                            1 ?      0.0000 %N     
  8He    8    2    5    0    1    2    2.574000    0.000000
  1   0.000000   0.0  1   1.19E-01  0                        0+  2 =    100.0000 %B-     =     16.0000 %B-N   
  2   3.100000   2.0  1   7.60E-22  0                        2+  2 AP   100.0000 %N      LE     5.0000 %A     
  3   4.360000   1.0 -1   3.51E-22  0                      (1-)  1 AP   100.0000 %N     
  4   6.030000  -1.0  0   3.04E-21  0                            0
  5   7.160000   3.0 -1   4.56E-21  0                      (3-)  0
  9He    9    2    6    0    1    2   -0.100000    0.000000
  1   0.000000   0.5  1             0                      1/2+  1 =    100.0000 %N     
  2   1.100000   0.5 -1   4.56E-21  0                      1/2-  0
  3   2.260000  -1.0  0   6.52E-22  0                            0
  4   4.200000  -1.0  0             0                            0
  5   5.000000  -1.0  0             0                            0
  6   8.000000  -1.0  0             0                            0
 10He   10    2    3    0    1    1   -0.969000    0.000000
  1   0.000000   0.0  1   1.52E-21  0                      (0+)  1 =    100.0000 %N     
  2   3.240000   2.0  1   4.56E-22  0                      (2+)  0
  3   6.800000   3.0 -1   7.60E-22  0                      (3-)  0
