  5Be    5    4    1    0    1    1    0.000000   -5.400000
  1   0.000000  -1.0  0             0                            1 =    100.0000 %P     
  6Be    6    4    5    0    1    1    0.000000    0.595000
  1   0.000000   0.0  1   4.96E-21  0                        0+  2 =    100.0000 %P      =    100.0000 %A     
  2   1.670000   2.0  1   3.93E-22  0                      (2)+  2 ?      0.0000 %P      ?      0.0000 %A     
  3  23.000002   4.0 -1             0                        4-  2 ?      0.0000 %IT     ?      0.0000 %3HE   
  4  26.000002   2.0 -1             0                        2-  1 ?      0.0000 %3HE   
  5  27.000002   3.0 -1             0                        3-  1 ?      0.0000 %3HE   
  7Be    7    4    9    1    1    9   10.676001    5.605800
  1   0.000000   1.5 -1   4.60E+06  0                      3/2-  1 =    100.0000 %EC    
  2   0.429080   0.5 -1   1.33E-13  1                      1/2-  0
                                          1      0.429  0.000E+00  0.000E+00  0.000E+00
  3   4.570000   3.5 -1   2.61E-21  0                      7/2-  2 ?      0.0000 %A      ?      0.0000 %3HE   
  4   6.730000   2.5 -1   3.80E-22  0                      5/2-  2 ?      0.0000 %A      ?      0.0000 %3HE   
  5   7.210001   2.5 -1   1.14E-21  0                      5/2-  3 ?      0.0000 %P      ?      0.0000 %A      ?      0.0000 %3HE   
  6   9.270000   3.5 -1             0                      7/2-  3 ?      0.0000 %P      ?      0.0000 %A      ?      0.0000 %3HE   
  7   9.900001   1.5 -1   2.54E-22  0                      3/2-  3 ?      0.0000 %P      ?      0.0000 %A      ?      0.0000 %3HE   
  8  11.010000   1.5 -1   1.43E-21  0                      3/2-  3 ?      0.0000 %P      ?      0.0000 %A      ?      0.0000 %3HE   
  9  17.000000   0.5 -1   7.02E-23  0                      1/2-  1 ?      0.0000 %3HE   
  8Be    8    4   28   18    1   15   18.899681   17.255440
  1   0.000000   0.0  1   8.19E-17  0                        0+  1 =    100.0000 %A     
  2   3.030000   2.0  1   3.01E-22  1                        2+  1 AP   100.0000 %A     
                                          1      3.029  0.000E+00  0.000E+00  0.000E+00
  3  11.350000   4.0  1   1.30E-22  1                        4+  1 AP   100.0000 %A     
                                          1     11.350  0.000E+00  0.000E+00  0.000E+00
  4  16.626001   2.0  1   4.22E-21  2                        2+  2 AP   100.0000 %A      LT     0.0026 %IT    
                                          2     13.580  0.000E+00  0.000E+00  0.000E+00
                                          1     16.607  0.000E+00  0.000E+00  0.000E+00
  5  16.922001   2.0  1   6.17E-21  2                        2+  2 AP   100.0000 %A      LT     0.0039 %IT    
                                          2     13.879  0.000E+00  0.000E+00  0.000E+00
                                          1     16.903  0.000E+00  0.000E+00  0.000E+00
  6  17.640001   1.0  1   4.26E-20  4                        1+  2 =     99.8000 %P      =      0.2040 %IT    
                                          5      0.718  0.000E+00  0.000E+00  0.000E+00
                                          4      1.014  0.000E+00  0.000E+00  0.000E+00
                                          2     14.586  0.000E+00  0.000E+00  0.000E+00
                                          1     17.619  0.000E+00  0.000E+00  0.000E+00
  7  18.150002   1.0  1   3.31E-21  4                        1+  2 AP   100.0000 %P      =      0.0046 %IT    
                                          5      1.228  0.000E+00  0.000E+00  0.000E+00
                                          4      1.524  0.000E+00  0.000E+00  0.000E+00
                                          2     15.095  0.000E+00  0.000E+00  0.000E+00
                                          1     18.128  0.000E+00  0.000E+00  0.000E+00
  8  18.910002   2.0 -1   3.74E-21  2                        2-  3 ?      0.0000 %P      ?      0.0000 %N      =      0.0002 %IT    
                                          5      1.988  0.000E+00  0.000E+00  0.000E+00
                                          4      2.284  0.000E+00  0.000E+00  0.000E+00
  9  19.069000   3.0  1   1.68E-21  1                        3+  2 AP   100.0000 %P      =      0.0039 %IT    
                                          2     16.013  0.000E+00  0.000E+00  0.000E+00
 10  19.235001   3.0  1   2.01E-21  0                        3+  2 AP    50.0000 %P      AP    50.0000 %N     
 11  19.400002   1.0 -1   7.07E-22  0                        1-  2 ?      0.0000 %P      ?      0.0000 %N     
 12  19.860001   4.0  1   6.52E-22  0                        4+  2 =     30.0000 %P      =     70.0000 %A     
 13  20.100000   2.0  1   5.19E-22  0                        2+  3 ?      0.0000 %P      ?      0.0000 %N      ?      0.0000 %A     
 14  20.200001   0.0  1   6.34E-22  0                        0+  2 ?      0.0000 %N      AP    50.0000 %A     
 15  20.900002   4.0 -1   2.85E-22  0                        4-  1 ?      0.0000 %P     
 16  21.500002   3.0  1   4.15E-22  0                      3(+)  3 ?      0.0000 %P      ?      0.0000 %N      ?      0.0000 %IT    
 17  22.000002   1.0 -1   1.14E-22  0                        1-  2 ?      0.0000 %P      ?      0.0000 %IT    
 18  22.050001  -1.0  0   1.69E-21  0                            0
 19  22.240002   2.0  1   5.70E-22  0                        2+  3 ?      0.0000 %P      ?      0.0000 %N      ?      0.0000 %A     
 20  22.630001  -1.0  0   4.56E-21  0                            0
 21  22.980001  -1.0  0   1.98E-21  0                            0
 22  24.000002  -1.0  0   6.52E-23  0                    (1,2)-  3 ?      0.0000 %P      ?      0.0000 %A      ?      0.0000 %IT    
 23  25.200001   2.0  1             0                        2+  2 ?      0.0000 %P      ?      0.0000 %A     
 24  25.500002   4.0  1             0                        4+  1 ?      0.0000 %A     
 25  27.494101   0.0  1   8.30E-20  1                        0+  5 =      6.9000 %P      =     39.4000 %N      =      7.9000 %A      =      0.6000 %IT     =      6.6000 %3HE   
                                          6      9.848  0.000E+00  0.000E+00  0.000E+00
 26  28.600002  -1.0  0             0                            2 ?      0.0000 %P      ?      0.0000 %IT    
 27  32.000000  -1.0  0   4.56E-22  0                            0
 28  41.000004  -1.0  0             0                            0
  9Be    9    4   33   22   31    5    1.665400   16.888201
  1   0.000000   1.5 -1  -1.00E+00  0 u                    3/2-  0
  2   1.684000   0.5  1   2.13E-21  1 u                    1/2+  2 AP   100.0000 %N      =      0.0000 %IT    
                                          1      1.684  1.400E-08  1.400E-08  0.000E+00
  3   2.429400   2.5 -1   5.85E-19  1 u                    5/2-  3 LT     7.0000 %N      LT     1.0000 %A      =      0.0001 %IT    
                                          1      2.429  1.200E-06  1.200E-06  0.000E+00
  4   2.780000   0.5 -1   4.15E-22  0 u                    1/2-  1 AP   100.0000 %N     
  5   3.049000   2.5  1   1.62E-21  1 u                    5/2+  2 LT    87.0000 %N      =      0.0000 %IT    
                                          1      3.048  0.000E+00  0.000E+00  0.000E+00
  6   4.704000   1.5  1   6.14E-22  1 u                  (3/2)+  2 LT   100.0000 %N      LT     0.0000 %IT    
                                          1      4.703  0.000E+00  0.000E+00  0.000E+00
  7   5.590000   1.5 -1   3.43E-22  1 u                  (3/2-)  0
                                          1      5.590  0.000E+00  0.000E+00  0.000E+00
  8   6.380000   3.5 -1   3.77E-22  1 u                    7/2-  2 LT   100.0000 %N      LT     0.0000 %IT    
                                          1      6.378  0.000E+00  0.000E+00  0.000E+00
  9   6.760000   4.5  1   3.43E-22  1 u                    9/2+  2 LT   100.0000 %N      LT     0.0000 %IT    
                                          1      6.757  0.000E+00  0.000E+00  0.000E+00
 10   7.940001   2.5 -1   4.56E-22  0 u                  (5/2-)  0
 11  11.282001   3.5 -1   7.94E-22  0 u                  (7/2-)  1 LT    15.0000 %N     
 12  11.810000   2.5 -1   1.14E-21  1 u                    5/2-  2 LT   100.0000 %N      LT     0.0000 %IT    
                                          1     11.802  0.000E+00  0.000E+00  0.000E+00
 13  13.790001   3.5 -1   7.73E-22  1 c             (5/2-,7/2-)  2 LT   100.0000 %N      LT     0.0000 %IT    
                                          1     13.779  0.000E+00  0.000E+00  0.000E+00
 14  14.392200   1.5 -1   1.25E-18  4 u                    3/2-  3 =     52.6000 %N      =     43.0000 %A      =      4.4000 %IT    
                                          6      9.683  2.286E-03  2.286E-03  0.000E+00
                                          5     11.336  3.286E-03  3.286E-03  0.000E+00
                                          3     11.954  2.041E-02  2.041E-02  0.000E+00
                                          1     14.380  1.802E-02  1.802E-02  0.000E+00
 15  14.480000   2.5 -1   5.70E-22  0 u                  (5/2-)  0
 16  15.100000   0.5  1             0 n                          1 LT     0.0000 %IT    
 17  15.970001   1.5 -1   1.52E-21  1 g                          1 LT     0.0000 %IT    
                                          1     15.955  0.000E+00  0.000E+00  0.000E+00
 18  16.671001   2.5  1   1.11E-20  1 u                  (5/2+)  1 LT     0.0000 %IT    
                                          1     16.654  0.000E+00  0.000E+00  0.000E+00
 19  16.977100   0.5 -1   1.17E-18  5 u                    1/2-  4 AP     3.1000 %P      LT    74.0000 %N      LT    62.0000 %A      =      6.1000 %IT    
                                          6     12.264  5.569E-03  5.569E-03  0.000E+00
                                          4     14.190  5.742E-03  5.742E-03  0.000E+00
                                          3     14.535  1.425E-03  1.425E-03  0.000E+00
                                          2     15.279  5.094E-03  5.094E-03  0.000E+00
                                          1     16.960  4.317E-02  4.317E-02  0.000E+00
 20  17.300001   2.5 -1   2.34E-21  1 u                  (5/2)-  4 LT     0.0000 %P      LT   100.0000 %N      LT     0.0000 %A      LT     0.0000 %IT    
                                          1     17.282  0.000E+00  0.000E+00  0.000E+00
 21  17.495001   3.5  1   9.71E-21  1 u                  (7/2)+  4 LT     0.0000 %P      LT   100.0000 %N      LT     0.0000 %A      LT     0.0000 %IT    
                                          1     17.476  0.000E+00  0.000E+00  0.000E+00
 22  18.020000   1.5  1             0 n                          1 LT     0.0000 %IT    
 23  18.580002   1.5 -1             0 n                          4 LT     0.0000 %P      LT   100.0000 %N      LT     0.0000 %A      LT     0.0000 %IT    
 24  18.650002   2.5 -1   1.52E-21  0 u                  (5/2-)  1 LE   100.0000 %P     
 25  19.200001   3.5 -1   1.47E-21  0 n                          2 LT     0.0000 %P      LT   100.0000 %N     
 26  19.465000   4.5  1   7.60E-22  0 u                  (9/2+)  1 LT     0.0000 %IT    
 27  19.900002   4.5 -1             0 n                          2 LE   100.0000 %N      LT     0.0000 %IT    
 28  20.510000   2.5 -1   7.60E-22  0 n                          2 LT   100.0000 %P      LT     0.0000 %IT    
 29  20.750002   2.5  1   6.71E-22  0 n                          3 LT     0.0000 %P      LT   100.0000 %N      LT     0.0000 %IT    
 30  21.400002   3.5  1             0 n                          2 LT   100.0000 %N      LT     0.0000 %IT    
 31  22.400002   4.5 -1             0 n                          2 LT   100.0000 %N      LT     0.0000 %IT    
 32  23.800001  -1.0  0             0                            2 LT   100.0000 %N      LT     0.0000 %IT    
 33  27.000002  -1.0  0             0                            2 LT   100.0000 %N      LT     0.0000 %IT    
 10Be   10    4   41   13   17    8    6.812201   19.636600
  1   0.000000   0.0  1   4.76E+13  0 u                      0+  1 =    100.0000 %B-    
  2   3.368030   2.0  1   1.25E-13  1 u                      2+  1 =    100.0000 %IT    
                                          1      3.367  1.000E+00  1.000E+00  0.000E+00
  3   5.958390   2.0  1   5.50E-14  2 u                      2+  1 =    100.0000 %IT    
                                          2      2.590  1.000E+00  1.000E+00  0.000E+00
                                          1      5.956  0.000E+00  0.000E+00  0.000E+00
  4   5.959900   1.0 -1             2 u                      1-  1 =    100.0000 %IT    
                                          2      2.592  1.700E-01  1.700E-01  0.000E+00
                                          1      5.958  8.300E-01  8.300E-01  0.000E+00
  5   6.179300   0.0  1   8.00E-13  3 u                      0+  1 AP   100.0000 %IT    
                                          4      0.219  2.400E-01  2.400E-01  0.000E+00
                                          2      2.811  7.600E-01  7.600E-01  0.000E+00
                                          1      6.178  0.000E+00  0.000E+00  0.000E+00
  6   6.263300   2.0 -1             3 u                      2-  1 =    100.0000 %IT    
                                          4      0.303  9.901E-03  9.901E-03  0.000E+00
                                          2      2.895  9.802E-01  9.802E-01  0.000E+00
                                          1      6.261  9.901E-03  9.901E-03  0.000E+00
  7   7.371000   3.0 -1   2.91E-20  2 u                      3-  2 LT     0.0000 %N      LT     0.0000 %IT    
                                          3      1.412  0.000E+00  0.000E+00  0.000E+00
                                          2      4.002  0.000E+00  0.000E+00  0.000E+00
  8   7.542000   2.0  1   7.24E-20  0 u                      2+  2 LT     0.0000 %N      =      3.5000 %A     
  9   9.270000   4.0 -1   3.04E-21  0 u                    (4-)  1 LT     0.0000 %N     
 10   9.560000   2.0  1   3.24E-21  0 u                      2+  2 LT     0.0000 %N      =      0.1600 %A     
 11  10.150001   3.0 -1   1.54E-21  0 u                      3-  1 LT     0.0000 %A     
 12  10.570001   4.0  1             0 n                    GE 1  2 LT     0.0000 %N      LT     0.0000 %A     
 13  11.230000   0.0 -1   2.28E-21  0 n                          1 LT     0.0000 %A     
 14  11.760000   4.0  1   3.77E-21  0 u                    (4+)  1 LT     0.0000 %A     
 15  11.930000   5.0 -1   2.28E-21  0 u                    (5-)  1 LT     0.0000 %A     
 16  13.050000   0.0  1   1.57E-21  0 n                          1 LT     0.0000 %A     
 17  13.850000   1.0  1   1.38E-21  0 n                          1 LT     0.0000 %A     
 18  14.680000  -1.0  0   1.47E-21  0                            1 LT     0.0000 %A     
 19  15.300001   6.0 -1   5.70E-22  0 u                    (6-)  0
 20  17.120001   2.0 -1   3.04E-21  0 u                    (2-)  0
 21  17.790001  -1.0  0   4.07E-21  0                            3 LT     0.0000 %N      LT     0.0000 %A      LT     0.0000 %IT    
 22  18.150002   0.0 -1   5.07E-21  0 u                    (0-)  0
 23  18.550001  -1.0  0   1.47E-21  0                            1 LT     0.0000 %N     
 24  19.800001  -1.0  0             0                            1 LT     0.0000 %P     
 25  20.800001  -1.0  0             0                            1 LT     0.0000 %A     
 26  21.216002   2.0 -1             0 u                    (2-)  2 LT     0.0000 %P      LT     0.0000 %N     
 27  21.800001  -1.0  0   2.28E-21  0                            1 =      0.0000 %P     
 28  22.400002  -1.0  0   1.82E-21  0                            2 LT     0.0000 %P      LT     0.0000 %N     
 29  23.000002  -1.0  0             0                            1 LT     0.0000 %P     
 30  23.350000  -1.0  0             0                            3 LT     0.0000 %P      LT     0.0000 %N      LT     0.0000 %A     
 31  23.650002  -1.0  0             0                            2 LT     0.0000 %P      LT     0.0000 %A     
 32  24.000002  -1.0  0   3.04E-21  0                            1 LT     0.0000 %A     
 33  24.250002  -1.0  0   2.28E-21  0                            2 LT     0.0000 %P      LT     0.0000 %A     
 34  24.600000  -1.0  0   3.04E-21  0                            1 LT     0.0000 %P     
 35  24.800001  -1.0  0   4.56E-21  0                            1 LT     0.0000 %P     
 36  25.050001  -1.0  0   3.04E-21  0                            1 LT     0.0000 %A     
 37  25.600000  -1.0  0             0                            2 LT     0.0000 %P      LT     0.0000 %A     
 38  25.950001  -1.0  0   1.52E-21  0                            0
 39  26.300001  -1.0  0   4.56E-21  0                            0
 40  26.800001  -1.0  0             0                            2 LT     0.0000 %P      LT     0.0000 %A     
 41  27.200001  -1.0  0             0                            2 LT     0.0000 %P      LT     0.0000 %A     
 11Be   11    4   15    1    1    2    0.504000   20.165001
  1   0.000000   0.5  1   1.38E+01  0                      1/2+  1 =    100.0000 %B-    
  2   0.320040   0.5 -1   1.15E-13  1                      1/2-  0
                                          1      0.320  0.000E+00  0.000E+00  0.000E+00
  3   1.778000  -1.0  0   4.56E-21  0                (5/2,3/2)+  1 ?      0.0000 %N     
  4   2.690000  -1.0  0   2.28E-21  0            (1/2,3/2,5/2+)  1 ?      0.0000 %N     
  5   3.410000  -1.0  0   3.65E-21  0            (1/2,3/2,5/2+)  1 ?      0.0000 %N     
  6   3.887000  -1.0  0   4.56E-20  0                            1 ?      0.0000 %N     
  7   3.956000   1.5 -1   3.04E-20  0                      3/2-  1 ?      0.0000 %N     
  8   5.240000  -1.0  0   1.01E-20  0                            1 ?      0.0000 %N     
  9   5.860000  -1.0  0   1.52E-21  0                            1 ?      0.0000 %N     
 10   6.510000  -1.0  0   3.80E-21  0                            1 ?      0.0000 %N     
 11   6.705000  -1.0  0   1.14E-20  0                            1 ?      0.0000 %N     
 12   7.030000  -1.0  0   1.52E-21  0                            1 ?      0.0000 %N     
 13   8.816000  -1.0  0   2.28E-21  0                            1 ?      0.0000 %N     
 14  10.590000  -1.0  0   2.17E-21  0                            2 ?      0.0000 %N      ?      0.0000 %A     
 15  18.500000  -1.0  0   9.12E-22  0                            2 ?      0.0000 %N      ?      0.0000 %A     
 12Be   12    4    5    0    1    2    3.169000   23.009001
  1   0.000000   0.0  1   2.13E-02  0                        0+  2 =    100.0000 %B-     LE     1.0000 %B-N   
  2   2.102000   2.0  1             0                        2+  1 ?      0.0000 %IT    
  3   2.702000  -1.0  0             0                            0
  4   4.560000  -1.0  0             0                            0
  5   5.700000  -1.0  0             0                            0
 13Be   13    4    1    0    1    1   -0.510000   23.700001
  1   0.000000   0.5 -1   2.70E-21  0                    (1/2-)  1 ?      0.0000 %N     
 14Be   14    4    1    0    1    1    1.850000    0.000000
  1   0.000000  -1.0  0   4.35E-03  0                            3 =    100.0000 %B-     =     81.0000 %B-N    =      5.0000 %B-2N  
