  7B     7    5    1    0    1    1    0.000000   -2.207000
  1   0.000000   1.5 -1   3.26E-22  0                    (3/2-)  2 ?      0.0000 %P      ?      0.0000 %A     
  8B     8    5    5    2    1    5   13.020000    0.137500
  1   0.000000   2.0  1   7.70E-01  0                        2+  1 =    100.0000 %EC+%B+
  2   0.769500   1.0  1   1.28E-20  1                        1+  2 AP   100.0000 %P      AP     0.0001 %IT    
                                          1      0.770  0.000E+00  0.000E+00  0.000E+00
  3   2.320000   3.0  1   1.30E-21  1                        3+  0
                                          1      2.320  0.000E+00  0.000E+00  0.000E+00
  4   3.500000   2.0 -1   5.70E-23  0                        2-  0
  5  10.619000   0.0  1   7.60E-21  0                        0+  0
  9B     9    5   22    6   20    1   18.577101   -0.185600
  1   0.000000   1.5 -1   8.45E-19  0 u                    3/2-  1 =    100.0000 %P     
  2   1.500000   1.5  1   3.80E-22  0 n                          2 LT   100.0000 %P      LT     0.0000 %A     
  3   2.345000   2.5 -1   5.63E-21  0 u                    5/2-  2 =      0.5000 %P      =     99.5000 %A     
  4   2.751000   2.5  1   7.43E-22  0 u                    5/2+  1 AP   100.0000 %P     
  5   2.780000   0.5 -1   1.46E-22  0 u                    1/2-  0
  6   4.800000   1.5 -1   3.80E-22  0 n                          1 LE   100.0000 %A     
  7   6.985000   3.5 -1   2.09E-22  0 u                    7/2-  1 LE   100.0000 %P     
  8  11.640000   3.5 -1   5.85E-22  0 u                  (7/2)-  1 LE   100.0000 %P     
  9  12.160001   2.5 -1   1.00E-21  0 n                          2 =     24.0000 %P      =     74.0000 %A     
 10  14.010000   2.5  1   1.17E-21  0 n                          1 =    100.0000 %P     
 11  14.655001   1.5 -1   1.21E-18  4 u                    3/2-  3 AP    44.0000 %P      AP    46.0000 %A      =      4.0900 %IT    
                                          5     11.870  3.088E-03  3.088E-03  0.000E+00
                                          3     12.301  1.930E-02  1.930E-02  0.000E+00
                                          2     13.145  0.000E+00  0.000E+00  0.000E+00
                                          1     14.642  1.851E-02  1.851E-02  0.000E+00
 12  14.700001   2.5 -1   3.38E-22  0 u                  (5/2)-  0
 13  15.290001   1.5 -1             0 n                          0
 14  15.580001   1.5  1             0 n                          0
 15  16.024000   2.5 -1   2.54E-21  0 n                          0
 16  16.710001   2.5  1             0 u                  (5/2+)  0
 17  17.076000   1.5  1   2.07E-20  2 g                          2 LT     0.0000 %IT     LT   100.0000 %3HE   
                                          3     14.718  0.000E+00  0.000E+00  0.000E+00
                                          1     17.059  0.000E+00  0.000E+00  0.000E+00
 18  17.190001   2.5  1   4.04E-21  0 n                          2 LT   100.0000 %P      LT     0.0000 %3HE   
 19  17.540001   3.5  1             0 u                  (7/2+)  0
 20  17.638000   3.5  1   6.43E-21  0 n                          3 LT   100.0000 %P      LT     0.0000 %A      LT     0.0000 %3HE   
 21  18.600000  -1.0  0   4.56E-22  0                            2 LT   100.0000 %P      LT     0.0000 %3HE   
 22  20.700001  -1.0  0   2.85E-22  0                            0
 10B    10    5   41   44   24   12    8.436300    6.585900
  1   0.000000   3.0  1  -1.00E+00  0 u                      3+  0
  2   0.718380   1.0  1   7.07E-10  1 u                      1+  1 =    100.0000 %IT    
                                          1      0.718  1.000E+00  1.000E+00  0.000E+00
  3   1.740050   0.0  1   4.90E-15  2 u                      0+  1 =    100.0000 %IT    
                                          2      1.022  1.000E+00  1.000E+00  0.000E+00
                                          1      1.740  0.000E+00  0.000E+00  0.000E+00
  4   2.154270   1.0  1   1.48E-12  3 u                      1+  1 =    100.0000 %IT    
                                          3      0.414  5.160E-01  5.160E-01  0.000E+00
                                          2      1.436  2.730E-01  2.730E-01  0.000E+00
                                          1      2.154  2.110E-01  2.110E-01  0.000E+00
  5   3.587130   2.0  1   1.02E-13  4 u                      2+  1 =    100.0000 %IT    
                                          4      1.433  1.400E-01  1.400E-01  0.000E+00
                                          3      1.847  0.000E+00  0.000E+00  0.000E+00
                                          2      2.868  6.700E-01  6.700E-01  0.000E+00
                                          1      3.586  1.900E-01  1.900E-01  0.000E+00
  6   4.774000   3.0  1   5.85E-17  2 u                      3+  2 =     99.8000 %A      =      0.2300 %IT    
                                          2      4.055  2.289E-03  2.289E-03  0.000E+00
                                          1      4.773  1.150E-05  1.150E-05  0.000E+00
  7   5.110300   2.0 -1   4.66E-19  3 u                      2-  2 AP   100.0000 %A      =      0.0033 %IT    
                                          3      3.370  1.650E-06  1.650E-06  0.000E+00
                                          2      4.391  1.023E-05  1.023E-05  0.000E+00
                                          1      5.109  2.112E-05  2.112E-05  0.000E+00
  8   5.163900   2.0  1   2.55E-16  5 u                      2+  2 =     16.0000 %A      AP    84.0000 %IT    
                                          5      1.577  6.545E-02  6.545E-02  0.000E+00
                                          4      3.009  5.480E-01  5.480E-01  0.000E+00
                                          3      3.423  0.000E+00  0.000E+00  0.000E+00
                                          2      4.444  1.897E-01  1.897E-01  0.000E+00
                                          1      5.163  3.692E-02  3.692E-02  0.000E+00
  9   5.182000   1.0  1   4.15E-21  1 u                      1+  2 AP   100.0000 %A      =      0.0001 %IT    
                                          3      3.439  5.400E-07  5.400E-07  0.000E+00
 10   5.919500   2.0  1   7.84E-20  2 u                      2+  2 AP   100.0000 %A      =      0.0024 %IT    
                                          2      5.200  4.320E-06  4.320E-06  0.000E+00
                                          1      5.918  1.968E-05  1.968E-05  0.000E+00
 11   6.024900   4.0  1   8.77E-18  1 u                      4+  2 =     99.8000 %A      =      0.2100 %IT    
                                          1      6.023  2.100E-03  2.100E-03  0.000E+00
 12   6.129100   3.0 -1   3.00E-19  0 u                      3-  2 LT    95.5000 %A      LT     1.4000 %IT    
 13   6.560101   4.0 -1   1.81E-20  0 u                    (4)-  2 AP   100.0000 %A      GE     0.0000 %IT    
 14   6.875000   1.0 -1   3.80E-21  7 u                      1-  3 LT     0.0000 %P      LT     0.0000 %A      =      0.0012 %IT    
                                         10      0.954  4.497E-07  4.497E-07  0.000E+00
                                          8      1.709  3.855E-07  3.855E-07  0.000E+00
                                          7      1.763  5.140E-07  5.140E-07  0.000E+00
                                          4      4.718  1.670E-06  1.670E-06  0.000E+00
                                          3      5.131  6.810E-06  6.810E-06  0.000E+00
                                          2      6.153  2.570E-06  2.570E-06  0.000E+00
                                          1      6.872  0.000E+00  0.000E+00  0.000E+00
 15   7.004000   3.0  1   4.66E-21  0 u                      3+  2 LT     0.0000 %P      LT     0.0000 %A     
 16   7.428000   1.0 -1   4.85E-21  4 u                      1-  3 LT     0.0000 %P      LT     0.0000 %A      =      0.0051 %IT    
                                          7      2.317  1.632E-05  1.632E-05  0.000E+00
                                          4      5.272  1.122E-05  1.122E-05  0.000E+00
                                          3      5.686  0.000E+00  0.000E+00  0.000E+00
                                          2      6.707  2.346E-05  2.346E-05  0.000E+00
 17   7.470000   2.0  1   7.02E-21  0 u                      2+  2 AP   100.0000 %P      =      0.0180 %IT    
 18   7.479001   2.0 -1   6.17E-21  0 u                      2-  2 LT     0.0000 %P      =      0.0072 %IT    
 19   7.559900   0.0  1   1.72E-19  3 u                      0+  2 LT     0.0000 %P      =      0.2300 %IT    
                                          9      2.380  3.220E-04  3.220E-04  0.000E+00
                                          4      5.404  2.070E-04  2.070E-04  0.000E+00
                                          2      6.839  1.771E-03  1.771E-03  0.000E+00
 20   7.666000   1.0  1   1.85E-21  0 u                    (1+)  2 =     30.0000 %P      LT     0.0000 %A     
 21   7.750000   2.0 -1   2.17E-21  5 u                      2-  0
                                          7      2.639  4.805E-02  4.805E-02  0.000E+00
                                          5      4.162  3.403E-02  3.403E-02  0.000E+00
                                          4      5.594  3.704E-02  3.704E-02  0.000E+00
                                          2      7.028  1.101E-01  1.101E-01  0.000E+00
                                          1      7.746  7.708E-01  7.708E-01  0.000E+00
 22   7.811000   1.0 -1   1.75E-21  0 u                      1-  0
 23   7.960001   2.0 -1   1.60E-21  0 n                          0
 24   8.070001   2.0  1   5.70E-22  0 u                      2+  2 AP     7.0000 %P      LT     0.0000 %IT    
 25   8.680000  -1.0  0   2.07E-21  0                   (1+,2+)  0
 26   8.887000   3.0 -1   4.75E-21  0 u                      3-  3 =     85.0000 %P      LT     0.0000 %N      LT     0.0000 %A     
 27   8.895000   2.0  1   1.17E-20  1 u                      2+  3 =     35.0000 %P      LT     0.0000 %A      =      0.0013 %IT    
                                          1      8.890  0.000E+00  0.000E+00  0.000E+00
 28   9.580001  -1.0  0   1.77E-21  0                            1 LT     0.0000 %A     
 29   9.700001  -1.0  0   7.24E-22  0                            3 LT     0.0000 %P      LT     0.0000 %N      LT     0.0000 %A     
 30  10.825001  -1.0  0   1.30E-21  0                (2+,3+,4+)  3 LT     0.0000 %P      LT     0.0000 %N      LT     0.0000 %IT    
 31  11.511001  -1.0  0   1.44E-21  0                            2 LT     0.0000 %A      LT     0.0000 %IT    
 32  12.564000  -1.0  0   4.30E-21  0                (0+,1+,2+)  2 LT     0.0000 %P      LT     0.0000 %IT    
 33  13.494000  -1.0  0   1.52E-21  0                (0+,1+,2+)  2 LT     0.0000 %P      LT     0.0000 %IT    
 34  14.340001  -1.0  0   5.70E-22  0                            3 LT     0.0000 %P      LT     0.0000 %A      LT     0.0000 %IT    
 35  18.200001  -1.0  0   3.04E-22  0                            0
 36  18.430000   2.0 -1   1.34E-21  0 u                      2-  2 LT     0.0000 %IT     LT     0.0000 %3HE   
 37  18.800001  -1.0  0   7.60E-22  0                     2+,1+  3 LT    13.4000 %A      LT     0.0000 %IT     LT     0.0000 %3HE   
 38  19.290001   2.0 -1   2.40E-21  0 u                      2-  5 LT     0.0000 %P      LT     0.0000 %N      LT    10.5000 %A      LT     0.0000 %IT     LT     0.0000 %3HE   
 39  20.100000   1.0 -1   1.30E-21  0 u                      1-  5 LT     0.0000 %P      LT     0.0000 %N      LT     0.0000 %A      LT     0.0000 %IT     LT     0.0000 %3HE   
 40  21.100000  -1.0  0             0                            2 LT     0.0000 %IT     LT     0.0000 %3HE   
 41  23.100000  -1.0  0             0                            2 LT     0.0000 %N      LT     0.0000 %IT    
 11B    11    5   41   24   23    8   11.454101   11.227600
  1   0.000000   1.5 -1  -1.00E+00  0 u                    3/2-  0
  2   2.124690   0.5 -1   3.80E-15  1 u                    1/2-  0
                                          1      2.124  0.000E+00  0.000E+00  0.000E+00
  3   4.444890   2.5 -1   8.20E-16  1 u                    5/2-  0
                                          1      4.444  0.000E+00  0.000E+00  0.000E+00
  4   5.020310   1.5 -1   2.40E-16  2 u                    3/2-  0
                                          2      2.895  0.000E+00  0.000E+00  0.000E+00
                                          1      5.019  0.000E+00  0.000E+00  0.000E+00
  5   6.742900   3.5 -1   1.50E-14  2 u                    7/2-  0
                                          3      2.298  0.000E+00  0.000E+00  0.000E+00
                                          1      6.741  0.000E+00  0.000E+00  0.000E+00
  6   6.791800   0.5  1   1.18E-15  3 u                    1/2+  0
                                          4      1.771  0.000E+00  0.000E+00  0.000E+00
                                          2      4.666  0.000E+00  0.000E+00  0.000E+00
                                          1      6.790  0.000E+00  0.000E+00  0.000E+00
  7   7.285510   2.5  1   4.00E-16  3 u                    5/2+  0
                                          4      2.265  0.000E+00  0.000E+00  0.000E+00
                                          3      2.840  0.000E+00  0.000E+00  0.000E+00
                                          1      7.283  0.000E+00  0.000E+00  0.000E+00
  8   7.977840   1.5  1   4.00E-16  3 u                    3/2+  0
                                          7      0.692  0.000E+00  0.000E+00  0.000E+00
                                          2      5.851  0.000E+00  0.000E+00  0.000E+00
                                          1      7.975  0.000E+00  0.000E+00  0.000E+00
  9   8.560300   1.5 -1   4.90E-16  4 u                  (3/2-)  0
                                          4      3.539  0.000E+00  0.000E+00  0.000E+00
                                          3      4.115  0.000E+00  0.000E+00  0.000E+00
                                          2      6.434  0.000E+00  0.000E+00  0.000E+00
                                          1      8.557  0.000E+00  0.000E+00  0.000E+00
 10   8.920200   2.5 -1   1.04E-16  2 u                    5/2-  2 ?      0.0000 %A      ?      0.0000 %IT    
                                          3      4.474  0.000E+00  0.000E+00  0.000E+00
                                          1      8.916  0.000E+00  0.000E+00  0.000E+00
 11   9.185000   3.5  1   2.40E-16  3 u                    7/2+  2 ?      0.0000 %A      ?      0.0000 %IT    
                                          5      2.442  0.000E+00  0.000E+00  0.000E+00
                                          3      4.739  0.000E+00  0.000E+00  0.000E+00
                                          1      9.181  0.000E+00  0.000E+00  0.000E+00
 12   9.274401   2.5  1   1.14E-19  0 u                    5/2+  2 ?      0.0000 %A      ?      0.0000 %IT    
 13   9.820001   0.5  1             0 u                  (1/2+)  0
 14   9.876000   1.5  1   4.15E-21  0 u                    3/2+  1 ?      0.0000 %A     
 15  10.260000   1.5 -1   3.04E-21  0 u                    3/2-  2 ?      0.0000 %A      ?      0.0000 %IT    
 16  10.330001   2.5 -1   4.15E-21  0 u                    5/2-  2 ?      0.0000 %A      ?      0.0000 %IT    
 17  10.597000   3.5  1   4.56E-21  0 u                    7/2+  2 ?      0.0000 %A      ?      0.0000 %IT    
 18  10.960001   2.5 -1   1.01E-22  0 u                    5/2-  1 ?      0.0000 %A     
 19  11.265000   4.5  1   4.15E-21  0 u                    9/2+  1 ?      0.0000 %A     
 20  11.444000   3.5 -1   4.43E-21  0 n                          1 ?      0.0000 %A     
 21  11.600000   2.5  1   2.68E-21  0 u                    5/2+  2 ?      0.0000 %N      ?      0.0000 %A     
 22  11.886001   2.5 -1   2.28E-21  0 u                    5/2-  2 ?      0.0000 %N      ?      0.0000 %A     
 23  12.000001   3.5  1   4.56E-22  0 u                    7/2+  2 ?      0.0000 %N      ?      0.0000 %A     
 24  12.557000  -1.0  0   2.17E-21  0               1/2+,(3/2+)  3 ?      0.0000 %P      ?      0.0000 %A      ?      0.0000 %IT    
 25  12.916000   0.5 -1   2.28E-21  0 u                    1/2-  3 ?      0.0000 %P      ?      0.0000 %A      ?      0.0000 %IT    
 26  13.137001   4.5 -1   1.07E-21  0 u                    9/2-  2 ?      0.0000 %N      ?      0.0000 %A     
 27  13.160001  -1.0  0   1.06E-21  0                 5/2+,7/2+  2 ?      0.0000 %N      ?      0.0000 %A     
 28  14.040001   5.5  1   9.12E-22  0 u                   11/2+  2 ?      0.0000 %N      ?      0.0000 %A     
 29  14.340001   2.5  1   1.80E-21  0 u                    5/2+  2 ?      0.0000 %P      ?      0.0000 %IT    
 30  14.565001  -1.0  0   1.52E-20  0                            2 ?      0.0000 %N      ?      0.0000 %A     
 31  15.290001  -1.0  0   1.82E-21  0            (3/2,5/2,7/2)+  4 ?      0.0000 %P      ?      0.0000 %N      ?      0.0000 %A      ?      0.0000 %IT    
 32  16.437000  -1.0  0   1.52E-20  0                            2 ?      0.0000 %P      ?      0.0000 %A     
 33  17.330000  -1.0  0   4.56E-22  0                            2 ?      0.0000 %N      ?      0.0000 %A     
 34  17.430000  -1.0  0   4.56E-21  0                            4 ?      0.0000 %P      ?      0.0000 %N      ?      0.0000 %A      ?      0.0000 %IT    
 35  18.000000  -1.0  0   5.24E-22  0                            0
 36  18.370001  -1.0  0   1.75E-21  0            (1/2,3/2,5/2)+  1 ?      0.0000 %IT    
 37  19.130001  -1.0  1   3.97E-21  0                         +  0
 38  19.700001   0.5  1             0 u                  (1/2+)  1 ?      0.0000 %IT    
 39  21.270000  -1.0  0   1.52E-21  0                            0
 40  23.700001  -1.0  0             0            (1/2,3/2,5/2)+  1 ?      0.0000 %IT    
 41  26.500002  -1.0  0             0                            2 ?      0.0000 %N      ?      0.0000 %IT    
 12B    12    5   50    7   39   16    3.370400   14.094001
  1   0.000000   1.0  1   2.02E-02  0 u                      1+  1 =    100.0000 %B-    
  2   0.953140   2.0  1   1.80E-13  1 u                      2+  0
                                          1      0.953  1.000E+00  1.000E+00  0.000E+00
  3   1.673650   2.0 -1   3.50E-14  2 u                      2-  0
                                          2      0.720  3.200E-02  3.200E-02  0.000E+00
                                          1      1.674  9.680E-01  9.680E-01  0.000E+00
  4   2.620800   1.0 -1   4.90E-14  3 u                      1-  0
                                          3      0.947  1.400E-01  1.400E-01  0.000E+00
                                          2      1.668  8.000E-01  8.000E-01  0.000E+00
                                          1      2.621  6.000E-02  6.000E-02  0.000E+00
  5   2.723000   0.0  1             1 u                      0+  0
                                          1      2.723  1.000E+00  1.000E+00  0.000E+00
  6   3.389100   3.0 -1   1.47E-16  0 u                      3-  2 ?      0.0000 %N      ?      0.0000 %IT    
  7   3.759000   2.0  1   1.14E-20  0 u                      2+  2 ?      0.0000 %N      ?      0.0000 %IT    
  8   4.301000   1.0 -1   5.07E-20  0 u                      1-  2 ?      0.0000 %N      ?      0.0000 %IT    
  9   4.460000   2.0 -1             0 u                      2-  1 ?      0.0000 %N     
 10   4.518000   4.0 -1   4.15E-21  0 u                      4-  2 ?      0.0000 %N      ?      0.0000 %IT    
 11   5.000000   1.0  1   9.13E-21  0 u                      1+  2 ?      0.0000 %N      ?      0.0000 %IT    
 12   5.612000   3.0  1   4.15E-21  0 u                      3+  1 ?      0.0000 %N     
 13   5.726000   3.0 -1   9.13E-21  0 u                      3-  1 ?      0.0000 %N     
 14   6.000000   1.0 -1             0 u                      1-  1 ?      0.0000 %N     
 15   6.600000   1.0  1   3.26E-21  0 u                      1+  1 ?      0.0000 %N     
 16   7.060000   1.0 -1             0 u                      1-  1 ?      0.0000 %N     
 17   7.545001   1.0 -1   3.26E-20  0 n                          1 ?      0.0000 %N     
 18   7.670001   2.0 -1   1.01E-20  0 u                      2-  1 ?      0.0000 %N     
 19   7.700000   1.0 -1   2.40E-22  0 u                      1-  1 ?      0.0000 %N     
 20   7.836000   1.0 -1   7.60E-21  0 u                      1-  1 ?      0.0000 %N     
 21   7.937000   1.0 -1   1.69E-20  0 u                    (1-)  1 ?      0.0000 %N     
 22   8.100000   1.0  1   5.07E-22  0 n                          1 ?      0.0000 %N     
 23   8.120001   3.0 -1             0 u                    (3-)  1 ?      0.0000 %N     
 24   8.240001   3.0 -1   7.02E-21  0 u                      3-  1 ?      0.0000 %N     
 25   8.376000   1.0 -1   1.14E-20  0 n                          0
 26   8.580001   3.0 -1   6.08E-21  0 u                    (3-)  1 ?      0.0000 %N     
 27   8.707001   3.0 -1             0 u                    (3-)  1 ?      0.0000 %N     
 28   9.040000   1.0 -1   4.80E-21  0 u                      1-  1 ?      0.0000 %N     
 29   9.175000   2.0 -1             0 u                    (2-)  1 ?      0.0000 %N     
 30   9.430000   1.0 -1   5.37E-21  0 n                          0
 31   9.585000   3.0 -1   1.34E-20  0 u                      3-  1 ?      0.0000 %N     
 32   9.758000   3.0  1             0 n                          0
 33   9.830001   2.0  1             0 n                          0
 34  10.000000   3.0 -1   4.56E-21  0 n                          1 ?      0.0000 %N     
 35  10.110001   2.0  1             0 n                          0
 36  10.220000   0.0  1   1.83E-20  0 n                          0
 37  10.435000   1.0 -1   6.08E-21  0 n                          0
 38  10.590000   0.0  1   1.52E-20  0 n                          0
 39  10.900001   3.0 -1   1.52E-20  0 n                          0
 40  11.080001  -1.0  0             0                            0
 41  11.310000  -1.0  0   3.51E-21  0                            0
 42  11.590000  -1.0  0   6.08E-21  0                            0
 43  12.345000  -1.0  0   4.56E-21  0                            1 ?      0.0000 %N     
 44  12.750001   0.0  1   5.37E-21  0 u                      0+  0
 45  13.330001  -1.0  0   9.13E-21  0                            0
 46  13.400001  -1.0  0             0                            0
 47  14.820001   2.0  1   2.28E-21  0 u                    (2+)  0
 48  15.500001  -1.0  0             0                            0
 49  21.800001   3.0 -1   3.51E-22  0 u                    (3-)  0
 50  23.900002   1.0 -1   7.60E-23  0 u                    (1-)  0
 13B    13    5   23    6   15    1    4.878000   15.803000
  1   0.000000   1.5 -1   1.73E-02  0                      3/2-  1 =    100.0000 %B-    
  2   3.482800  -1.0  0             1                            0
                                          1      3.482  1.000E+00  1.000E+00  0.000E+00
  3   3.534600  -1.0  0   2.00E-13  0                            0
  4   3.681000  -1.0  0             0                            0
  5   3.712600  -1.0  0   2.70E-13  2                            0
                                          3      0.178  0.000E+00  0.000E+00  0.000E+00
                                          1      3.713  1.000E+00  1.000E+00  0.000E+00
  6   4.131000  -1.0  0   4.30E-14  3                            0
                                          5      0.418  0.000E+00  0.000E+00  0.000E+00
                                          3      0.596  2.481E-01  2.481E-01  0.000E+00
                                          1      4.131  7.519E-01  7.519E-01  0.000E+00
  7   4.829000  -1.0  0             0                            0
  8   5.024000  -1.0  0             0                            0
  9   5.106000  -1.0  0   7.60E-21  0                            0
 10   5.388000  -1.0  0   4.56E-20  0                            0
 11   5.557000  -1.0  0             0                            0
 12   6.167000  -1.0  0             0                            0
 13   6.425000  -1.0  0   1.27E-20  0                            0
 14   6.934000  -1.0  0   8.30E-21  0                            0
 15   7.516000  -1.0  0             0                            0
 16   7.859000  -1.0  0             0                            0
 17   8.133000  -1.0  0   4.56E-21  0                            0
 18   8.683001  -1.0  0   5.13E-21  0                            0
 19   9.440001  -1.0  0   5.63E-21  0                            0
 20   9.500000  -1.0  0             0                            0
 21  10.220000  -1.0  0   2.17E-21  0                            0
 22  10.890000  -1.0  0             0                            0
 23  11.800000  -1.0  0             0                            0
 14B    14    5    7    0    1    1    0.970000   17.280001
  1   0.000000   2.0 -1   1.25E-02  0                        2-  1 =    100.0000 %B-    
  2   0.740000   1.0 -1             0                      (1-)  0
  3   1.380000   3.0 -1             0                      (3-)  0
  4   1.860000   2.0 -1   4.56E-22  0                        2-  0
  5   2.080000   4.0 -1             0                      (4-)  0
  6   2.320000  -1.0  0             0                            0
  7   2.970000  -1.0  0             0                            0
 15B    15    5    1    0    1    1    2.768000   18.200001
  1   0.000000  -1.0  0   9.93E-03  0                            1 =    100.0000 %B-    
 16B    16    5    1    0    1    1   -0.042000    0.000000
  1   0.000000   0.0 -1   1.90E-10  0                        0-  1 ?      0.0000 %N     
 17B    17    5    1    0    1    1    1.430000    0.000000
  1   0.000000   1.5 -1   5.08E-03  0                    (3/2-)  3 =    100.0000 %B-     =     63.0000 %B-N    =     11.0000 %B-2N  
