  8C     8    6    1    0    1    1    0.000000    0.065000
  1   0.000000   0.0  1   1.98E-21  0                        0+  2 =    100.0000 %P      ?      0.0000 %A     
  9C     9    6    4    0    1    1   14.255001    1.300000
  1   0.000000   1.5 -1   1.26E-01  0                    (3/2-)  2 =    100.0000 %EC+%B+ =     61.6000 %B+P   
  2   2.218000  -1.0  0   4.56E-21  0                            0
  3   3.300000  -1.0  0             0                            0
  4   4.300000  -1.0  0             0                            0
 10C    10    6    8    1    1    2   21.283100    4.006000
  1   0.000000   0.0  1   1.93E+01  0                        0+  1 =    100.0000 %EC+%B+
  2   3.353700   2.0  1   1.07E-13  1                        2+  1 =    100.0000 %IT    
                                          1      3.354  1.000E+00  1.000E+00  2.487E-07
  3   5.220000  -1.0  0   2.03E-21  0                            0
  4   5.380000  -1.0  0   1.52E-21  0                            0
  5   6.580000   2.0  1   2.40E-21  0                      (2+)  0
  6   9.000000  -1.0  0             0                            0
  7  10.000000  -1.0  0             0                            0
  8  16.500000   2.0  1             0                      (2+)  0
 11C    11    6   36   35   17   13   13.119401    8.689301
  1   0.000000   1.5 -1   1.22E+03  0 u                    3/2-  1 =    100.0000 %EC+%B+
  2   2.000000   0.5 -1   7.10E-15  1 u                    1/2-  0
                                          1      2.000  1.000E+00  1.000E+00  5.256E-07
  3   4.318800   2.5 -1   8.30E-15  1 u                    5/2-  0
                                          1      4.319  1.000E+00  1.000E+00  1.678E-07
  4   4.804201   1.5 -1   7.60E-15  2 u                    3/2-  0
                                          2      2.804  1.480E-01  1.480E-01  3.028E-07
                                          1      4.804  8.520E-01  8.520E-01  1.458E-07
  5   6.339200   0.5  1   7.62E-14  2 u                    1/2+  0
                                          2      4.339  3.350E-01  3.350E-01  1.346E-07
                                          1      6.339  6.650E-01  6.650E-01  0.000E+00
  6   6.478200   3.5 -1   6.00E-15  2 u                    7/2-  0
                                          3      2.159  1.150E-01  1.150E-01  4.438E-07
                                          1      6.478  8.850E-01  8.850E-01  0.000E+00
  7   6.904800   2.5  1   4.80E-14  3 u                    5/2+  0
                                          4      2.101  4.500E-02  4.500E-02  3.343E-07
                                          3      2.586  4.500E-02  4.500E-02  2.530E-07
                                          1      6.905  9.100E-01  9.100E-01  0.000E+00
  8   7.499701   1.5  1   6.30E-14  2 u                    3/2+  0
                                          2      5.500  6.400E-01  6.400E-01  1.026E-07
                                          1      7.500  3.600E-01  3.600E-01  0.000E+00
  9   8.104501   1.5 -1   4.00E-17  2 u                    3/2-  2 ?      0.0000 %A      ?      0.0000 %IT    
                                          2      6.105  0.000E+00  0.000E+00  0.000E+00
                                          1      8.105  0.000E+00  0.000E+00  0.000E+00
 10   8.420000   2.5 -1   3.00E-17  1 u                    5/2-  2 ?      0.0000 %A      ?      0.0000 %IT    
                                          1      8.420  0.000E+00  0.000E+00  0.000E+00
 11   8.655001   3.5  1   9.13E-20  0 u                    7/2+  0
 12   8.699000   2.5  1   3.04E-20  4 u                    5/2+  2 ?      0.0000 %P      LT    10.0000 %IT    
                                          6      2.221  1.360E-02  1.360E-02  3.096E-07
                                          4      3.895  2.400E-03  2.400E-03  1.528E-07
                                          3      4.380  4.200E-02  4.200E-02  1.332E-07
                                          1      8.699  4.200E-02  4.200E-02  0.000E+00
 13   9.200001   2.5  1   9.12E-22  3 u                    5/2+  2 ?      0.0000 %P      ?      0.0000 %IT    
                                          6      2.722  0.000E+00  0.000E+00  2.368E-07
                                          3      4.881  0.000E+00  0.000E+00  1.175E-07
                                          1      9.200  0.000E+00  0.000E+00  0.000E+00
 14   9.650001   1.5 -1   2.17E-21  3 u                  (3/2-)  3 ?      0.0000 %P      ?      0.0000 %A      ?      0.0000 %IT    
                                          4      4.846  0.000E+00  0.000E+00  1.441E-07
                                          3      5.331  0.000E+00  0.000E+00  1.272E-07
                                          1      9.650  0.000E+00  0.000E+00  0.000E+00
 15   9.780001   2.5 -1   1.90E-21  4 u                  (5/2-)  2 ?      0.0000 %P      ?      0.0000 %IT    
                                          6      3.302  0.000E+00  0.000E+00  2.410E-07
                                          4      4.976  0.000E+00  0.000E+00  1.392E-07
                                          3      5.461  0.000E+00  0.000E+00  1.232E-07
                                          1      9.780  0.000E+00  0.000E+00  0.000E+00
 16   9.970000   3.5 -1   3.80E-21  2 u                  (7/2-)  2 ?      0.0000 %P      ?      0.0000 %IT    
                                          6      3.492  0.000E+00  0.000E+00  2.232E-07
                                          3      5.651  0.000E+00  0.000E+00  1.179E-07
 17  10.083000   3.5  1   1.98E-21  2 u                    7/2+  3 ?      0.0000 %P      ?      0.0000 %A      ?      0.0000 %IT    
                                          6      3.605  0.000E+00  0.000E+00  1.675E-07
                                          3      5.764  0.000E+00  0.000E+00  9.724E-08
 18  10.679001   4.5  1   2.28E-21  1 u                    9/2+  3 ?      0.0000 %P      ?      0.0000 %A      ?      0.0000 %IT    
                                          1     10.679  0.000E+00  0.000E+00  0.000E+00
 19  11.030001  -1.0  0   1.52E-21  0                            0
 20  11.440001  -1.0  0   1.27E-21  0                            2 ?      0.0000 %P      ?      0.0000 %A     
 21  12.160001  -1.0  0   1.69E-21  0                            1 ?      0.0000 %P     
 22  12.400001  -1.0 -1             0                         -  2 ?      0.0000 %P      ?      0.0000 %IT    
 23  12.510000   0.5 -1   9.31E-22  0 u                    1/2-  1 ?      0.0000 %P     
 24  12.650001   3.5  1   1.27E-21  0 u                  (7/2+)  3 ?      0.0000 %P      ?      0.0000 %A      ?      0.0000 %3HE   
 25  13.010000  -1.0  0             0                            2 ?      0.0000 %P      ?      0.0000 %IT    
 26  13.330001  -1.0  0   1.69E-21  0                            0
 27  13.400001  -1.0  0   4.15E-22  0                            2 ?      0.0000 %P      ?      0.0000 %A     
 28  13.900001  -1.0  0   2.28E-21  0                            1 ?      0.0000 %P     
 29  14.070001  -1.0  0   3.38E-21  0                            2 ?      0.0000 %P      ?      0.0000 %N     
 30  14.760000  -1.0  0   1.01E-21  0                            3 ?      0.0000 %P      ?      0.0000 %N      ?      0.0000 %3HE   
 31  15.350000  -1.0 -1             0                         -  3 ?      0.0000 %P      ?      0.0000 %N      ?      0.0000 %IT    
 32  15.590001  -1.0  0   1.01E-21  0                            2 ?      0.0000 %P      ?      0.0000 %N     
 33  16.700001  -1.0 -1   5.70E-22  0                         -  2 ?      0.0000 %P      ?      0.0000 %IT    
 34  18.200001  -1.0  0             0                            2 ?      0.0000 %P      ?      0.0000 %IT    
 35  23.000002  -1.0  0             0                            0
 36  28.000002  -1.0  0             0                            0
 12C    12    6   56   14   19    4   18.721802   15.957001
  1   0.000000   0.0  1  -1.00E+00  0 u                      0+  0
  2   4.438910   2.0  1   4.22E-14  1 u                      2+  0
                                          1      4.438  0.000E+00  0.000E+00  1.670E-07
  3   7.654201   0.0  1   5.37E-17  1 u                      0+  2 ?      0.0000 %A      ?      0.0000 %IT    
                                          2      3.215  0.000E+00  0.000E+00  2.647E-07
  4   9.641001   3.0 -1   1.34E-20  1 u                      3-  2 ?      0.0000 %A      ?      0.0000 %IT    
                                          1      9.637  0.000E+00  0.000E+00  0.000E+00
  5  10.300000   0.0  1   1.52E-22  0 u                    (0+)  1 ?      0.0000 %A     
  6  10.844001   1.0 -1   1.45E-21  0 u                      1-  1 ?      0.0000 %A     
  7  11.160001   2.0  1   1.06E-21  0 u                    (2+)  0
  8  11.828001   2.0 -1   1.75E-21  0 u                      2-  2 ?      0.0000 %A      ?      0.0000 %IT    
  9  12.710001   1.0  1   2.52E-17  2 u                      1+  0
                                          2      8.268  0.000E+00  0.000E+00  0.000E+00
                                          1     12.703  0.000E+00  0.000E+00  0.000E+00
 10  13.352000   2.0 -1   1.22E-21  0 u                    (2-)  2 ?      0.0000 %A      ?      0.0000 %IT    
 11  14.083001   4.0  1   1.77E-21  0 u                      4+  1 ?      0.0000 %A     
 12  15.110001   1.0  1   1.05E-17  4 u                      1+  0
                                          9      2.400  0.000E+00  0.000E+00  4.193E-07
                                          3      7.453  0.000E+00  0.000E+00  0.000E+00
                                          2     10.666  0.000E+00  0.000E+00  0.000E+00
                                          1     15.100  0.000E+00  0.000E+00  0.000E+00
 13  15.440001   2.0  1   3.04E-22  0 u                    (2+)  0
 14  16.105801   2.0  1   8.61E-20  4 u                      2+  3 ?      0.0000 %P      ?      0.0000 %A      ?      0.0000 %IT    
                                          9      3.395  0.000E+00  0.000E+00  2.442E-07
                                          4      6.463  0.000E+00  0.000E+00  0.000E+00
                                          2     11.661  0.000E+00  0.000E+00  0.000E+00
                                          1     16.094  0.000E+00  0.000E+00  0.000E+00
 15  16.570002   2.0 -1   1.52E-21  1 u                      2-  3 ?      0.0000 %P      ?      0.0000 %A      ?      0.0000 %IT    
                                          1     16.558  0.000E+00  0.000E+00  0.000E+00
 16  17.230001   1.0 -1   3.97E-22  0 u                      1-  3 ?      0.0000 %P      ?      0.0000 %A      ?      0.0000 %IT    
 17  17.760000   0.0  1   5.70E-21  0 u                      0+  2 ?      0.0000 %P      ?      0.0000 %A     
 18  18.160002   1.0  1   1.90E-21  0 u                    (1+)  2 ?      0.0000 %P      ?      0.0000 %IT    
 19  18.350000   3.0 -1   2.07E-21  0 u                      3-  3 ?      0.0000 %P      ?      0.0000 %A      ?      0.0000 %IT    
 20  18.350000   2.0 -1   1.30E-21  0 u                      2-  2 ?      0.0000 %P      ?      0.0000 %N     
 21  18.600000   3.0 -1   1.52E-21  0 u                    (3-)  0
 22  18.710001  -1.0  0   4.56E-21  0                            2 ?      0.0000 %P      ?      0.0000 %A     
 23  18.800001   2.0  1   4.56E-21  0 u                      2+  3 ?      0.0000 %P      ?      0.0000 %N      ?      0.0000 %IT    
 24  19.200001   1.0 -1   4.15E-22  0 u                    (1-)  4 ?      0.0000 %P      ?      0.0000 %N      ?      0.0000 %A      ?      0.0000 %IT    
 25  19.400002   2.0 -1   9.50E-22  0 u                    (2-)  3 ?      0.0000 %P      ?      0.0000 %A      ?      0.0000 %IT    
 26  19.550001   4.0 -1   9.31E-22  0 u                    (4-)  3 ?      0.0000 %P      ?      0.0000 %A      ?      0.0000 %IT    
 27  19.690001   1.0  1   1.98E-21  0 u                      1+  2 ?      0.0000 %P      ?      0.0000 %N     
 28  20.000000   2.0  1   1.82E-21  0 u                    (2+)  3 ?      0.0000 %P      ?      0.0000 %N      ?      0.0000 %IT    
 29  20.270000   1.0  1   3.26E-21  0 u                    (1+)  2 ?      0.0000 %P      ?      0.0000 %N     
 30  20.500002   3.0  1   1.52E-21  0 u                    (3+)  3 ?      0.0000 %P      ?      0.0000 %A      ?      0.0000 %IT    
 31  20.620001   3.0 -1   2.28E-21  0 u                    (3-)  4 ?      0.0000 %P      ?      0.0000 %N      ?      0.0000 %A      ?      0.0000 %IT    
 32  20.980001  -1.0  0   1.69E-21  0                            2 ?      0.0000 %P      ?      0.0000 %N     
 33  21.600000  -1.0  0   3.80E-22  0                     3-,2+  4 ?      0.0000 %P      ?      0.0000 %N      ?      0.0000 %A      ?      0.0000 %IT    
 34  22.000002   1.0 -1   5.70E-22  0 u                      1-  3 ?      0.0000 %P      ?      0.0000 %N      ?      0.0000 %IT    
 35  22.400002   1.0 -1   1.66E-21  0 u                      1-  2 ?      0.0000 %P      ?      0.0000 %N     
 36  22.650002   1.0 -1   1.43E-22  0 u                      1-  4 ?      0.0000 %P      ?      0.0000 %N      ?      0.0000 %A      ?      0.0000 %IT    
 37  23.040001   2.0 -1   7.60E-21  0 u                    (2-)  2 ?      0.0000 %P      ?      0.0000 %N     
 38  23.520000   1.0 -1   1.98E-21  0 u                      1-  4 ?      0.0000 %P      ?      0.0000 %N      ?      0.0000 %A      ?      0.0000 %IT    
 39  23.920002   1.0 -1   1.14E-21  0 u                    (1-)  3 ?      0.0000 %P      ?      0.0000 %N      ?      0.0000 %IT    
 40  24.430000  -1.0  0   4.56E-21  0                            2 ?      0.0000 %P      ?      0.0000 %N     
 41  24.920002  -1.0  0   4.96E-22  0                            2 ?      0.0000 %P      ?      0.0000 %N     
 42  25.300001   1.0 -1   8.95E-22  0 u                    (1-)  2 ?      0.0000 %P      ?      0.0000 %N     
 43  25.400002   1.0 -1   2.28E-22  0 u                      1-  3 ?      0.0000 %P      ?      0.0000 %N      ?      0.0000 %IT    
 44  25.950001  -1.0  0   1.14E-21  0                            3 ?      0.0000 %P      ?      0.0000 %N      ?      0.0000 %A     
 45  26.800001  -1.0  0   1.69E-21  0                            3 ?      0.0000 %P      ?      0.0000 %N      ?      0.0000 %A     
 46  27.000002   1.0 -1   3.26E-22  0 u                    (1-)  2 ?      0.0000 %P      ?      0.0000 %IT    
 47  27.595001   0.0  1   1.52E-20  0 u                      0+  0
 48  27.900002  -1.0  0   1.30E-21  0                            4 ?      0.0000 %P      ?      0.0000 %N      ?      0.0000 %IT     ?      0.0000 %3HE   
 49  28.200001   1.0 -1   2.85E-22  0 u                      1-  2 ?      0.0000 %IT     ?      0.0000 %3HE   
 50  28.830002  -1.0  0   2.96E-22  0                            4 ?      0.0000 %P      ?      0.0000 %A      ?      0.0000 %IT     ?      0.0000 %3HE   
 51  29.400002  -1.0  0   3.26E-22  0                            4 ?      0.0000 %P      ?      0.0000 %N      ?      0.0000 %IT     ?      0.0000 %3HE   
 52  29.630001  -1.0  0   2.28E-21  0                            0
 53  30.290001  -1.0  0   2.33E-22  0                            3 ?      0.0000 %A      ?      0.0000 %IT     ?      0.0000 %3HE   
 54  31.160002  -1.0  0   2.17E-22  0                            2 ?      0.0000 %IT     ?      0.0000 %3HE   
 55  32.290001  -1.0  0   3.46E-22  0                            4 ?      0.0000 %P      ?      0.0000 %N      ?      0.0000 %IT     ?      0.0000 %3HE   
 56  33.470001  -1.0  0   2.36E-22  0                            2 ?      0.0000 %IT     ?      0.0000 %3HE   
 13C    13    6   73   14   29    5    4.946313   17.532902
  1   0.000000   0.5 -1  -1.00E+00  0 u                    1/2-  0
  2   3.089440   0.5  1   1.07E-15  1 u                    1/2+  0
                                          1      3.089  1.000E+00  1.000E+00  2.020E-07
  3   3.684510   1.5 -1   1.10E-15  2 u                    3/2-  0
                                          2      0.595  7.444E-03  7.444E-03  3.723E-06
                                          1      3.684  9.926E-01  9.926E-01  2.076E-07
  4   3.853810   2.5  1   8.60E-12  3 u                    5/2+  0
                                          3      0.169  3.631E-01  3.631E-01  1.520E-04
                                          2      0.764  1.200E-02  1.200E-02  5.579E-06
                                          1      3.853  6.249E-01  6.249E-01  2.550E-07
  5   6.864000   2.5  1   7.60E-20  1 u                    5/2+  2 =    100.0000 %N      =      0.0000 %IT    
                                          1      6.862  1.200E-08  1.200E-08  0.000E+00
  6   7.492001   3.5  1   9.13E-20  0 u                  (7/2+)  0
  7   7.547000   2.5 -1   3.80E-19  1 u                    5/2-  2 =    100.0000 %N      =      0.0096 %IT    
                                          1      7.545  9.600E-05  9.600E-05  0.000E+00
  8   7.686000   1.5  1   6.52E-21  0 u                    3/2+  2 ?      0.0000 %N      ?      0.0000 %IT    
  9   8.200001   1.5  1   4.15E-22  0 u                    3/2+  2 ?      0.0000 %N      ?      0.0000 %IT    
 10   8.860001   0.5 -1   3.04E-21  1 u                    1/2-  2 =    100.0000 %N      =      0.0023 %IT    
                                          1      8.857  2.300E-05  2.300E-05  0.000E+00
 11   9.499801   4.5  1   9.13E-20  0 u                    9/2+  2 ?      0.0000 %N      ?      0.0000 %IT    
 12   9.897000   1.5 -1   1.76E-20  1 u                    3/2-  2 =    100.0000 %N      =      0.0013 %IT    
                                          1      9.893  1.270E-05  1.270E-05  0.000E+00
 13  10.460000   2.5  1   2.28E-21  0 n                          1 =    100.0000 %N     
 14  10.753000   3.5 -1   8.30E-21  0 u                    7/2-  2 ?      0.0000 %N      ?      0.0000 %IT    
 15  10.818001   2.5 -1   1.90E-20  0 u                  (5/2-)  2 ?      0.0000 %N      ?      0.0000 %IT    
 16  10.996000   0.5  1   1.23E-20  0 u                    1/2+  3 ?      0.0000 %N      ?      0.0000 %A      ?      0.0000 %IT    
 17  11.080001   0.5 -1   1.14E-19  1 u                    1/2-  3 ?      0.0000 %N      ?      0.0000 %A      ?      0.0000 %IT    
                                          1     11.075  0.000E+00  0.000E+00  0.000E+00
 18  11.748000   1.5 -1   4.15E-21  0 u                    3/2-  1 =    100.0000 %N     
 19  11.848001   3.5  1   6.71E-21  0 u                    7/2+  2 ?      0.0000 %N      ?      0.0000 %IT    
 20  11.950001   2.5  1   9.12E-22  0 u                    5/2+  2 ?      0.0000 %N      ?      0.0000 %A     
 21  12.106001   1.5  1   8.45E-22  0 u                    3/2+  3 ?      0.0000 %N      ?      0.0000 %A      ?      0.0000 %IT    
 22  12.130000   2.5 -1   5.70E-21  0 u                    5/2-  2 ?      0.0000 %N      ?      0.0000 %A     
 23  12.140000   0.5  1   1.06E-21  0 u                    1/2+  2 ?      0.0000 %N      ?      0.0000 %A     
 24  12.187000   1.5 -1   3.04E-21  0 u                    3/2-  3 ?      0.0000 %N      ?      0.0000 %A      ?      0.0000 %IT    
 25  12.438001   3.5 -1   3.26E-21  0 u                    7/2-  3 ?      0.0000 %N      ?      0.0000 %A      ?      0.0000 %IT    
 26  13.000001   1.5 -1             0 n                          2 ?      0.0000 %N      ?      0.0000 %IT    
 27  13.280001   1.5 -1   1.34E-21  0 u                  (3/2-)  1 =    100.0000 %A     
 28  13.410001   4.5 -1   1.30E-20  0 u                  (9/2-)  2 ?      0.0000 %N      ?      0.0000 %A     
 29  13.570001   3.5 -1   7.36E-22  0 u                    7/2-  2 ?      0.0000 %N      ?      0.0000 %A     
 30  13.760000  -1.0  0   1.52E-21  0                (5/2,3/2)+  2 ?      0.0000 %N      ?      0.0000 %A     
 31  14.130001   1.5 -1   3.04E-21  0 u                    3/2-  2 ?      0.0000 %N      ?      0.0000 %A     
 32  14.390000  -1.0  0   1.63E-21  0                (1/2,5/2)-  3 ?      0.0000 %N      ?      0.0000 %A      ?      0.0000 %IT    
 33  14.582001  -1.0  0   1.98E-21  0               (7/2+,9/2+)  3 ?      0.0000 %N      ?      0.0000 %A      ?      0.0000 %IT    
 34  14.983001   3.5 -1   1.20E-21  0 u                  (7/2-)  3 ?      0.0000 %N      ?      0.0000 %A      ?      0.0000 %IT    
 35  15.108201   1.5 -1   8.31E-20  3 u                    3/2-  3 ?      0.0000 %N      ?      0.0000 %A      =      0.8200 %IT    
                                          3     11.418  3.288E-03  3.288E-03  0.000E+00
                                          2     12.013  7.492E-04  7.492E-04  0.000E+00
                                          1     15.099  4.162E-03  4.162E-03  0.000E+00
 36  15.270000   4.5  1             0 u                    9/2+  1 =    100.0000 %N     
 37  15.526001   1.5 -1   3.04E-21  0 u                  (3/2-)  3 ?      0.0000 %N      ?      0.0000 %A      ?      0.0000 %IT    
 38  16.080000   3.5  1   3.04E-21  0 u                  (7/2+)  3 ?      0.0000 %N      ?      0.0000 %A      ?      0.0000 %IT    
 39  16.150002   2.5 -1   1.98E-21  0 u                  (5/2-)  2 ?      0.0000 %N      ?      0.0000 %A     
 40  16.183001  -1.0  0   1.14E-20  0                            1 =    100.0000 %IT    
 41  16.950001  -1.0  0   1.38E-21  0                            2 ?      0.0000 %N      ?      0.0000 %A     
 42  17.360001  -1.0  0   2.40E-21  0                            2 ?      0.0000 %N      ?      0.0000 %A     
 43  17.533001  -1.0  0   2.68E-20  0                            1 =    100.0000 %N     
 44  17.699001  -1.0  0   2.68E-21  0                 (3/2,5/2)  2 ?      0.0000 %N      ?      0.0000 %A     
 45  17.920000  -1.0  0             0                            0
 46  18.082001  -1.0  0   3.80E-20  0                            1 =    100.0000 %N     
 47  18.300001  -1.0  0   1.52E-21  0                            2 ?      0.0000 %N      ?      0.0000 %A     
 48  18.497002  -1.0  0   5.01E-21  0                            1 =    100.0000 %IT    
 49  18.699001  -1.0  0   4.56E-21  0               (3/2+,5/2+)  4 ?      0.0000 %P      ?      0.0000 %N      ?      0.0000 %A      ?      0.0000 %IT    
 50  19.510000   2.5 -1   9.12E-22  0 u                  (5/2-)  1 ?      0.0000 %N     
 51  19.900002  -1.0  0   7.60E-22  0                            2 ?      0.0000 %P      ?      0.0000 %N     
 52  20.021002  -1.0  0   1.98E-21  0                            1 =    100.0000 %IT    
 53  20.057001  -1.0  0   4.15E-20  0                            1 =    100.0000 %N     
 54  20.110001   0.5 -1   4.19E-22  0 u                  (1/2-)  1 =    100.0000 %N     
 55  20.110001   2.5  1   1.04E-21  0 u                  (5/2+)  1 =    100.0000 %N     
 56  20.200001   3.5  1   8.15E-22  0 u                  (7/2+)  3 ?      0.0000 %N      ?      0.0000 %A      ?      0.0000 %IT    
 57  20.300001   3.5 -1   2.93E-22  0 u                  (7/2-)  1 =    100.0000 %N     
 58  20.340000   4.5  1   1.43E-21  0 u                  (9/2+)  1 =    100.0000 %N     
 59  20.429001  -1.0  0   3.97E-21  0                            3 ?      0.0000 %P      ?      0.0000 %N      ?      0.0000 %IT    
 60  20.520000  -1.0  0   8.95E-22  0                            3 ?      0.0000 %P      ?      0.0000 %N      ?      0.0000 %IT    
 61  20.600000  -1.0  0   8.15E-23  0                            2 ?      0.0000 %N      ?      0.0000 %IT    
 62  20.930000  -1.0  0   1.90E-21  0                            0
 63  21.280001  -1.0  0   2.87E-21  0                            2 ?      0.0000 %P      ?      0.0000 %N     
 64  21.466002  -1.0  0   1.69E-21  0               (7/2+,9/2+)  1 =    100.0000 %IT    
 65  21.703001  -1.0  0   2.54E-20  0                            1 =    100.0000 %N     
 66  21.810001  -1.0  0   4.00E-21  0                  (GE 5/2)  1 ?      0.0000 %N     
 67  22.200001  -1.0  0   4.15E-22  0                  (LE 5/2)  1 ?      0.0000 %N     
 68  23.000002  -1.0  0   4.56E-22  0                  (LE 5/2)  1 =    100.0000 %N     
 69  24.000002  -1.0  0   1.14E-22  0                            3 ?      0.0000 %P      ?      0.0000 %N      ?      0.0000 %IT    
 70  26.000002  -1.0  0             0                            2 ?      0.0000 %P      ?      0.0000 %IT    
 71  26.800001  -1.0  0             0                            1 ?      0.0000 %N     
 72  27.500002  -1.0  0   4.56E-22  0                            2 ?      0.0000 %P      ?      0.0000 %N     
 73  30.000002  -1.0  0             0                            2 ?      0.0000 %N      ?      0.0000 %IT    
 14C    14    6   46   12   26   11    8.176442   20.831303
  1   0.000000   0.0  1   1.80E+11  0 u                      0+  1 =    100.0000 %B-    
  2   6.093800   1.0 -1   7.00E-15  1 u                      1-  0
                                          1      6.092  1.000E+00  1.000E+00  0.000E+00
  3   6.589400   0.0  1   3.00E-12  2 u                      0+  0
                                          2      0.495  1.000E+00  1.000E+00  5.960E-06
                                          1      6.588  0.000E+00  0.000E+00  0.000E+00
  4   6.728200   3.0 -1   6.60E-11  2 u                      3-  0
                                          2      0.634  3.568E-02  3.568E-02  9.783E-06
                                          1      6.727  9.643E-01  9.643E-01  0.000E+00
  5   6.902600   0.0 -1   2.50E-14  1 u                      0-  0
                                          2      0.809  1.000E+00  1.000E+00  2.488E-06
  6   7.012001   2.0  1   9.00E-15  2 u                      2+  0
                                          2      0.918  1.381E-02  1.381E-02  1.399E-06
                                          1      7.010  9.862E-01  9.862E-01  0.000E+00
  7   7.341001   2.0 -1   1.11E-13  3 u                      2-  0
                                          4      0.613  3.431E-01  3.431E-01  1.090E-05
                                          2      1.248  4.902E-01  4.902E-01  1.577E-06
                                          1      7.339  1.667E-01  1.667E-01  0.000E+00
  8   8.317901   2.0  1   1.34E-19  0 u                      2+  2 ?      0.0000 %N      ?      0.0000 %IT    
  9   9.746000   0.0  1             0 u                      0+  0
 10   9.801001   3.0 -1   1.01E-20  0 u                      3-  2 ?      0.0000 %N      ?      0.0000 %IT    
 11  10.425000   2.0  1             0 u                      2+  1 =    100.0000 %N     
 12  10.449000   1.0  1             0 n                    GE 1  1 =    100.0000 %N     
 13  10.498000   3.0 -1   1.76E-20  0 u                    (3-)  1 =    100.0000 %N     
 14  10.736000   4.0  1   2.28E-20  0 u                      4+  0
 15  11.306001   1.0  1   9.92E-21  1 u                      1+  2 =    100.0000 %N      =      0.0150 %IT    
                                          1     11.301  1.500E-04  1.500E-04  0.000E+00
 16  11.395000   1.0 -1   2.07E-20  0 u                      1-  1 =    100.0000 %N     
 17  11.500001   2.0  1             0 n                 1- & 2-  1 =    100.0000 %N     
 18  11.666000   4.0 -1   2.28E-20  0 u                      4-  0
 19  11.730000   5.0 -1             0 u                    (5-)  0
 20  11.900001   1.0 -1   4.80E-22  0 u                    (1-)  1 =    100.0000 %N     
 21  12.583000   2.0 -1   4.80E-21  0 c                 (2-,3-)  1 =    100.0000 %N     
 22  12.863001   3.0 -1   1.52E-20  0 n                          1 =    100.0000 %N     
 23  12.963000   3.0 -1   1.52E-20  0 u                    (3-)  1 =    100.0000 %N     
 24  13.500001   1.0  1   2.28E-21  0 n                          0
 25  13.700001   2.0 -1   2.54E-22  0 u                      2-  1 =    100.0000 %N     
 26  14.050000   3.0  1   2.28E-21  0 n                          0
 27  14.667001   4.0  1   8.00E-21  0 u                    (4+)  1 =    100.0000 %N     
 28  14.868001  -1.0  0             0                   (6+,5-)  0
 29  15.200001   4.0 -1             0 u                      4-  0
 30  15.370001  -1.0  0             0                            0
 31  15.440001   3.0 -1             0 u                    (3-)  1 =    100.0000 %N     
 32  16.020000   4.0  1             0 u                    (4+)  1 =    100.0000 %N     
 33  16.430000  -1.0  0             0                            0
 34  16.570002  -1.0  0             0                            0
 35  16.715000   1.0  1   2.28E-21  0 u                    (1+)  2 ?      0.0000 %N      ?      0.0000 %IT    
 36  17.300001   4.0 -1             0 u                      4-  0
 37  17.500000   1.0  1   2.28E-21  0 u                    (1+)  2 ?      0.0000 %N      ?      0.0000 %IT    
 38  17.950001  -1.0  0             0                            0
 39  18.100000  -1.0  0             0                            0
 40  18.500000  -1.0  0             0                            0
 41  20.400002  -1.0  0             0                            0
 42  21.400002  -1.0  0             0                            0
 43  22.100000   2.0 -1             0 u                    (2-)  0
 44  23.288002  -1.0  0   9.13E-21  0                            0
 45  24.400002   4.0 -1   1.52E-21  0 u                      4-  0
 46  24.500002  -1.0  0             0                            0
 15C    15    6   31    1   18    6    1.218100   21.080002
  1   0.000000   0.5  1   2.45E+00  0 u                    1/2+  1 =    100.0000 %B-    
  2   0.740000   2.5  1   2.61E-09  1 u                    5/2+  0
                                          1      0.740  1.000E+00  1.000E+00  6.131E-06
  3   3.103000   0.5 -1   1.14E-20  0 u                    1/2-  0
  4   4.220000   2.5 -1   3.26E-20  0 u                    5/2-  0
  5   4.657000   1.5 -1             0 u                    3/2-  0
  6   4.780000   1.5  1   2.62E-22  0 u                    3/2+  0
  7   5.833000   1.5  1   7.13E-21  0 u                  (3/2+)  0
  8   5.866000   0.5 -1             0 u                    1/2-  0
  9   6.358000   4.5  1   2.28E-20  0 c         (5/2,7/2+,9/2+)  0
 10   6.417000   3.5 -1   9.13E-21  0 c            (3/2 TO 7/2)  0
 11   6.449000   4.5 -1   3.26E-20  0 c             (9/2-,11/2)  0
 12   6.536000   1.5 -1   3.26E-20  0 n                          0
 13   6.626000   1.5 -1   2.28E-20  0 u                   (3/2)  0
 14   6.841001   4.5 -1   3.26E-20  0 n                          0
 15   6.881001   4.5 -1   2.28E-20  0 u                   (9/2)  0
 16   7.095000   1.5 -1   3.04E-20  0 u                   (3/2)  0
 17   7.352000   5.5 -1   2.28E-20  0 c              (9/2,11/2)  0
 18   7.414001   2.5 -1             0 n                          0
 19   7.750000  -1.0  0             0                            0
 20   8.010000  -1.0  0             0                            0
 21   8.110001  -1.0  0             0                            0
 22   8.470000  -1.0  0   1.14E-20  0             (9/2 TO 13/2)  0
 23   8.559000  -1.0  0   1.14E-20  0             (7/2 TO 13/2)  0
 24   9.000000  -1.0  0             0                            0
 25   9.730000  -1.0  0             0                            0
 26   9.789001  -1.0  0   2.28E-20  0             (9/2 TO 15/2)  0
 27  10.248000  -1.0  0   2.28E-20  0              (5/2 TO 9/2)  0
 28  11.015000  -1.0  0             0                            0
 29  11.123000  -1.0  0   1.52E-20  0            (11/2 TO 19/2)  0
 30  11.680000  -1.0  0             0                            0
 31  11.825001  -1.0  0   6.52E-21  0                   GE 13/2  0
 16C    16    6    7    4    1    2    4.250000   22.562000
  1   0.000000   0.0  1   7.47E-01  0                        0+  2 =    100.0000 %B-     =     99.0000 %B-N   
  2   1.766000   2.0  1             1                        2+  0
                                          1      1.766  1.000E+00  1.000E+00  7.638E-07
  3   3.027000   0.0  1             0                      (0+)  0
  4   3.986000   2.0  0             1                         2  0
                                          2      2.220  1.000E+00  1.000E+00  0.000E+00
  5   4.088000   3.0  1             1                      3(+)  0
                                          2      2.322  1.000E+00  1.000E+00  4.431E-07
  6   4.142000   4.0  1             1                        4+  0
                                          2      2.376  1.000E+00  1.000E+00  4.264E-07
  7   6.109000  -1.0  0   1.83E-20  0                (2+,3-,4+)  0
 17C    17    6    2    0    1    1    0.728000   23.332001
  1   0.000000  -1.0  0   1.93E-01  0                            2 =    100.0000 %B-     =     32.0000 %B-N   
  2   0.295000  -1.0  0             0                            0
 18C    18    6    2    0    1    1    4.184000   26.080002
  1   0.000000   0.0  1   9.20E-02  0                      (0+)  2 =    100.0000 %B-     =     31.5000 %B-N   
  2   1.620000   2.0  1             0                      (2+)  0
 20C    20    6    1    0    1    1    3.340000    0.000000
  1   0.000000  -1.0  0   1.40E-02  0                            2 =    100.0000 %B-     =     72.0000 %B-N   
 22C    22    6    1    0    1    1    0.800000    0.000000
  1   0.000000   0.0  1   6.10E-03  0                        0+  3 =    100.0000 %B-     =     61.0000 %B-N    LT    37.0000 %B-2N  
