 10N    10    7    2    0    1    1    0.000000   -2.600000
  1   0.000000  -1.0  0             0                            1 =    100.0000 %P     
  2   0.840000   1.0  1   1.98E-22  0                      (1+)  0
 11N    11    7    1    0    1    1   22.860001   -1.970000
  1   0.000000  -1.0  0             0                            1 ?      0.0000 %P     
 12N    12    7   19    0    1    5   15.690001    0.601400
  1   0.000000   1.0  1   1.10E-02  0                        1+  1 =    100.0000 %EC+%B+
  2   0.960000   2.0  1   2.28E-20  0                        2+  0
  3   1.191000   2.0 -1   3.87E-21  0                        2-  1 ?      0.0000 %P     
  4   1.800000   1.0 -1   6.08E-22  0                        1-  1 ?      0.0000 %P     
  5   2.439000   0.0  1   6.71E-21  0                        0+  1 ?      0.0000 %P     
  6   3.132000  -1.0  0   2.07E-21  0                     2+,3-  1 ?      0.0000 %P     
  7   3.558000   1.0  1   2.07E-21  0                      (1)+  1 ?      0.0000 %P     
  8   4.140000  -1.0  0   5.53E-22  0                   2- & 4-  1 ?      0.0000 %P     
  9   5.348000   3.0 -1   2.54E-21  0                        3-  1 ?      0.0000 %P     
 10   5.600000  -1.0  0   3.80E-21  0                            1 ?      0.0000 %P     
 11   6.400000   1.0 -1   3.80E-22  0                      (1-)  1 ?      0.0000 %P     
 12   7.400001   1.0 -1   3.80E-22  0                      (1-)  1 ?      0.0000 %P     
 13   7.684000  -1.0  0   2.28E-21  0                            1 ?      0.0000 %P     
 14   8.446000  -1.0  0   5.07E-21  0                            0
 15   9.035001  -1.0  0   1.30E-20  0                            0
 16   9.420000  -1.0  0   2.28E-21  0                            0
 17   9.800000  -1.0  0   1.01E-21  0                            0
 18  10.300000  -1.0  0   1.01E-21  0                            0
 19  11.000001  -1.0  0   1.30E-21  0                            0
 13N    13    7   54   11   19   12   20.063902    1.943510
  1   0.000000   0.5 -1   5.98E+02  0 u                    1/2-  1 =    100.0000 %EC+%B+
  2   2.364900   0.5  1   1.44E-20  1 u                    1/2+  2 =    100.0000 %P      =      0.0016 %IT    
                                          1      2.365  1.580E-05  1.580E-05  0.000E+00
  3   3.502000   1.5 -1   7.36E-21  2 u                    3/2-  2 =    100.0000 %P      =      0.0011 %IT    
                                          2      1.137  8.804E-07  8.804E-07  0.000E+00
                                          1      3.502  1.012E-05  1.012E-05  0.000E+00
  4   3.547000   2.5  1   9.71E-21  1 u                    5/2+  2 =    100.0000 %P      <      0.0000 %IT    
                                          1      3.547  4.300E-08  4.300E-08  0.000E+00
  5   6.364000   2.5  1   4.15E-20  0 u                    5/2+  1 =    100.0000 %P     
  6   6.886000   1.5  1   3.97E-21  0 u                    3/2+  1 =    100.0000 %P     
  7   7.155000   3.5  1   5.07E-20  0 u                    7/2+  1 =    100.0000 %P     
  8   7.376000   2.5 -1   6.08E-21  0 u                    5/2-  1 =    100.0000 %P     
  9   7.900001   1.5  1   3.04E-22  0 u                    3/2+  1 =    100.0000 %P     
 10   8.918000   0.5 -1   1.98E-21  0 u                    1/2-  1 =    100.0000 %P     
 11   9.000000   4.5  1   1.63E-21  0 u                    9/2+  0
 12   9.476001   1.5 -1   1.52E-20  0 u                    3/2-  1 =    100.0000 %P     
 13  10.250001   0.5  1   1.63E-21  0 u                  (1/2+)  2 ?      0.0000 %P      ?      0.0000 %IT    
 14  10.360001   2.5 -1   1.52E-20  0 u                    5/2-  1 =    100.0000 %P     
 15  10.360001   3.5 -1   6.00E-21  0 u                    7/2-  1 =    100.0000 %P     
 16  10.833000   0.5 -1             0 u                    1/2-  0
 17  11.530001   2.5  1   1.06E-21  0 u                    5/2+  1 =    100.0000 %P     
 18  11.700001   2.5 -1   3.97E-21  0 u                    5/2-  1 =    100.0000 %P     
 19  11.740001   1.5  1   1.90E-21  1 u                    3/2+  2 ?      0.0000 %P      ?      0.0000 %IT    
                                          1     11.734  0.000E+00  0.000E+00  0.000E+00
 20  11.740001   1.5 -1   8.61E-22  0 u                    3/2-  1 =    100.0000 %P     
 21  11.860001   0.5  1   1.20E-21  0 u                    1/2+  1 =    100.0000 %P     
 22  12.130000   3.5 -1   1.82E-21  0 u                    7/2-  1 =    100.0000 %P     
 23  12.558001  -1.0  0   1.14E-21  0                            0
 24  12.937000  -1.0  0   1.14E-21  0                            0
 25  13.500001   1.5  1   7.02E-23  1 u                    3/2+  2 =    100.0000 %P      ?      0.0000 %IT    
                                          1     13.500  0.000E+00  0.000E+00  0.000E+00
 26  14.050000   1.5  1   2.77E-21  1 u                    3/2+  3 ?      0.0000 %P      ?      0.0000 %A      ?      0.0000 %IT    
                                          1     14.042  0.000E+00  0.000E+00  0.000E+00
 27  15.064600   1.5 -1   4.91E-19  3 u                    3/2-  3 ?      0.0000 %P      ?      0.0000 %A      =      4.9000 %IT    
                                          3     11.557  2.042E-02  2.042E-02  0.000E+00
                                          2     12.693  3.062E-03  3.062E-03  0.000E+00
                                          1     15.055  2.552E-02  2.552E-02  0.000E+00
 28  15.300001   1.5  1   1.30E-21  1 u                  (3/2+)  2 =    100.0000 %P      ?      0.0000 %IT    
                                          1     15.300  0.000E+00  0.000E+00  0.000E+00
 29  15.990001   3.5  1   3.38E-21  0 u                    7/2+  2 ?      0.0000 %P      ?      0.0000 %A     
 30  16.000000  -1.0  0   9.12E-22  0                            1 =    100.0000 %P     
 31  17.500000  -1.0  0             0                            2 ?      0.0000 %P      ?      0.0000 %IT    
 32  18.150002   1.5  1   1.43E-21  0 u                    3/2+  1 =    100.0000 %P     
 33  18.170000   0.5 -1   2.03E-21  0 u                    1/2-  2 ?      0.0000 %P      ?      0.0000 %A     
 34  18.406000   1.5  1   6.91E-21  0 u                    3/2+  2 ?      0.0000 %P      ?      0.0000 %A     
 35  18.961000  -1.0  0   1.98E-20  0              3/2- OR 7/2+  2 ?      0.0000 %P      ?      0.0000 %A     
 36  19.830002   2.5 -1   4.56E-22  0 u                    5/2-  2 ?      0.0000 %P      ?      0.0000 %A     
 37  19.880001   3.5  1   6.08E-22  0 u                    7/2+  1 =    100.0000 %P     
 38  20.200001   2.5 -1   4.56E-22  0 u                    5/2-  1 =    100.0000 %P     
 39  20.900002   0.5  1   3.80E-22  0 u                    1/2+  2 ?      0.0000 %P      ?      0.0000 %IT    
 40  21.400002   2.5 -1   6.08E-22  0 u                    5/2-  1 =    100.0000 %P     
 41  21.700001   1.5  1             0 u                    3/2+  1 =    100.0000 %P     
 42  22.400002   0.5  1             0 u                    1/2+  1 =    100.0000 %P     
 43  23.000002  -1.0  0             0                            2 ?      0.0000 %P      ?      0.0000 %IT    
 44  23.300001   1.5 -1   1.14E-21  0 u                  (3/2-)  2 ?      0.0000 %P      ?      0.0000 %3HE   
 45  23.830002   1.5 -1   1.30E-21  0 u                  (3/2-)  2 ?      0.0000 %P      ?      0.0000 %3HE   
 46  23.900002   5.5 -1   2.28E-20  0 u                 (11/2-)  1 =    100.0000 %3HE   
 47  24.400002  -1.0  0   6.52E-22  0                            2 ?      0.0000 %P      ?      0.0000 %3HE   
 48  24.600000  -1.0  0   3.80E-21  0                            2 ?      0.0000 %P      ?      0.0000 %3HE   
 49  25.600000   1.5 -1   1.90E-21  0 u                  (3/2)-  2 ?      0.0000 %P      ?      0.0000 %3HE   
 50  25.900002  -1.0  0   4.56E-22  0                            4 ?      0.0000 %P      ?      0.0000 %N      ?      0.0000 %A      ?      0.0000 %3HE   
 51  26.840002  -1.0  0             0                            1 =    100.0000 %P     
 52  28.000002  -1.0  0             0                            4 ?      0.0000 %P      ?      0.0000 %A      ?      0.0000 %IT     ?      0.0000 %3HE   
 53  31.000002  -1.0  0             0                            1 =    100.0000 %P     
 54  32.000000  -1.0  0   2.28E-22  0                            3 ?      0.0000 %A      ?      0.0000 %IT     ?      0.0000 %3HE   
 14N    14    7  120   69   64   23   10.553361    7.550560
  1   0.000000   1.0  1  -1.00E+00  0 u                      1+  0
  2   2.312800   0.0  1   6.80E-14  1 u                      0+  0
                                          1      2.313  1.000E+00  1.000E+00  0.000E+00
  3   3.948100   1.0  1   4.80E-15  2 u                      1+  0
                                          2      1.635  9.606E-01  9.606E-01  0.000E+00
                                          1      3.948  3.939E-02  3.939E-02  0.000E+00
  4   4.915100   0.0 -1   5.30E-15  3 u                      0-  0
                                          3      0.967  0.000E+00  0.000E+00  0.000E+00
                                          2      2.602  0.000E+00  0.000E+00  0.000E+00
                                          1      4.914  1.000E+00  1.000E+00  0.000E+00
  5   5.105890   2.0 -1   4.35E-12  3 u                      2-  0
                                          3      1.158  7.188E-03  7.188E-03  0.000E+00
                                          2      2.793  1.941E-01  1.941E-01  0.000E+00
                                          1      5.105  7.987E-01  7.987E-01  0.000E+00
  6   5.691440   1.0 -1   1.10E-14  2 u                      1-  0
                                          2      3.378  6.390E-01  6.390E-01  0.000E+00
                                          1      5.690  3.610E-01  3.610E-01  0.000E+00
  7   5.834250   3.0 -1   8.30E-12  2 u                      3-  0
                                          5      0.728  7.868E-01  7.868E-01  0.000E+00
                                          1      5.833  2.132E-01  2.132E-01  0.000E+00
  8   6.203500   1.0  1   1.11E-13  2 u                      1+  0
                                          2      3.890  7.692E-01  7.692E-01  0.000E+00
                                          1      6.202  2.308E-01  2.308E-01  0.000E+00
  9   6.446170   3.0  1   4.30E-13  4 u                      3+  0
                                          7      0.612  3.714E-02  3.714E-02  0.000E+00
                                          5      1.340  6.517E-02  6.517E-02  0.000E+00
                                          3      2.498  1.969E-01  1.969E-01  0.000E+00
                                          1      6.445  7.008E-01  7.008E-01  0.000E+00
 10   7.029120   2.0  1   3.70E-15  3 u                      2+  0
                                          3      3.081  8.973E-03  8.973E-03  0.000E+00
                                          2      4.715  4.930E-03  4.930E-03  0.000E+00
                                          1      7.027  9.861E-01  9.861E-01  0.000E+00
 11   7.966900   2.0 -1   1.82E-16  2 u                      2-  2 =     99.3000 %P      =      0.7000 %IT    
                                          3      4.018  3.154E-03  3.154E-03  0.000E+00
                                          1      7.965  3.846E-03  3.846E-03  0.000E+00
 12   8.062000   1.0 -1   1.98E-20  6 u                      1-  2 =     99.9000 %P      =      0.0530 %IT    
                                          6      2.371  1.872E-05  1.872E-05  0.000E+00
                                          5      2.956  1.319E-06  1.319E-06  0.000E+00
                                          4      3.147  9.871E-06  9.871E-06  0.000E+00
                                          3      4.113  6.722E-05  6.722E-05  0.000E+00
                                          2      5.748  7.403E-06  7.403E-06  0.000E+00
                                          1      8.060  4.255E-04  4.255E-04  0.000E+00
 13   8.490001   4.0 -1   1.32E-14  2 u                      4-  2 =     79.0000 %P      =     21.0000 %IT    
                                          7      2.656  3.500E-02  3.500E-02  0.000E+00
                                          5      3.384  1.750E-01  1.750E-01  0.000E+00
 14   8.618000   0.0  1   1.20E-19  4 u                      0+  2 =     99.9000 %P      =      0.1400 %IT    
                                          8      2.414  5.600E-04  5.600E-04  0.000E+00
                                          6      2.927  1.792E-04  1.792E-04  0.000E+00
                                          3      4.670  3.360E-04  3.360E-04  0.000E+00
                                          1      8.615  3.248E-04  3.248E-04  0.000E+00
 15   8.776000   0.0 -1   1.11E-21  1 u                      0-  2 =    100.0000 %P      =      0.0110 %IT    
                                          1      8.773  1.100E-04  1.100E-04  0.000E+00
 16   8.907001   3.0 -1   2.85E-20  5 u                      3-  2 =    100.0000 %P      =      0.0024 %IT    
                                         10      1.878  7.892E-07  7.892E-07  0.000E+00
                                          9      2.461  1.275E-06  1.275E-06  0.000E+00
                                          7      3.073  2.024E-05  2.024E-05  0.000E+00
                                          5      3.800  1.012E-06  1.012E-06  0.000E+00
                                          1      8.904  6.880E-07  6.880E-07  0.000E+00
 17   8.964001   5.0  1   7.30E-14  2 u                      5+  2 =     81.0000 %P      =     19.0000 %IT    
                                          9      2.518  1.900E-01  1.900E-01  0.000E+00
                                          1      8.961  0.000E+00  0.000E+00  0.000E+00
 18   8.980000   2.0  1   5.70E-20  0 u                      2+  2 ?      0.0000 %P      ?      0.0000 %IT    
 19   9.129001   3.0  1   9.00E-15  3 u                      3+  2 =     80.0000 %P      =     20.0000 %IT    
                                          9      2.683  1.803E-02  1.803E-02  0.000E+00
                                          7      3.294  1.803E-02  1.803E-02  0.000E+00
                                          1      9.126  1.639E-01  1.639E-01  0.000E+00
 20   9.172251   2.0  1   3.74E-18  6 u                      2+  2 =     94.8000 %P      =      5.2000 %IT    
                                         10      2.143  1.653E-03  1.653E-03  0.000E+00
                                          9      2.726  4.646E-03  4.646E-03  0.000E+00
                                          7      3.338  3.216E-04  3.216E-04  0.000E+00
                                          6      3.480  2.591E-04  2.591E-04  0.000E+00
                                          2      6.858  4.467E-04  4.467E-04  0.000E+00
                                          1      9.169  4.467E-02  4.467E-02  0.000E+00
 21   9.388000   2.0 -1   3.51E-20  0 u                      2-  1 =    100.0000 %P     
 22   9.509001   2.0 -1   1.11E-20  4 u                      2-  2 =    100.0000 %P      =      0.0098 %IT    
                                          7      3.674  1.646E-05  1.646E-05  0.000E+00
                                          5      4.402  7.447E-05  7.447E-05  0.000E+00
                                          3      5.560  6.479E-06  6.479E-06  0.000E+00
                                          1      9.506  5.883E-07  5.883E-07  0.000E+00
 23   9.703000   1.0  1   3.04E-20  2 u                      1+  2 =    100.0000 %P      =      0.0004 %IT    
                                          2      7.388  2.867E-06  2.867E-06  0.000E+00
                                          1      9.699  1.233E-06  1.233E-06  0.000E+00
 24  10.079000   3.0  1   4.56E-20  0 u                    (3+)  0
 25  10.101001   2.0  1   3.80E-20  1 c                   2+,1+  2 =    100.0000 %P      =      0.0017 %IT    
                                          1     10.097  1.700E-05  1.700E-05  0.000E+00
 26  10.226001   1.0 -1   5.70E-21  1 u                    1(-)  2 =    100.0000 %P      =      0.0050 %IT    
                                          2      7.910  5.000E-05  5.000E-05  0.000E+00
 27  10.432000   2.0  1   1.38E-20  5 u                      2+  2 =    100.0000 %P      =      0.0390 %IT    
                                         10      3.401  2.527E-05  2.527E-05  0.000E+00
                                          9      3.984  2.527E-05  2.527E-05  0.000E+00
                                          6      4.739  6.154E-06  6.154E-06  0.000E+00
                                          5      5.324  9.394E-06  9.394E-06  0.000E+00
                                          1     10.427  3.239E-04  3.239E-04  0.000E+00
 28  10.534000   1.0 -1   3.26E-21  0 u                    (1-)  1 =    100.0000 %P     
 29  10.812000   5.0  1   1.17E-15  1 u                      5+  2 =     95.9000 %P      =      4.1000 %IT    
                                          9      4.365  4.100E-02  4.100E-02  0.000E+00
 30  11.000001   3.0 -1   2.77E-21  0 n                          2 ?      0.0000 %P      ?      0.0000 %IT    
 31  11.050000   3.0  1   3.80E-19  2 u                      3+  2 =    100.0000 %P      =      0.0180 %IT    
                                          3      7.100  7.714E-05  7.714E-05  0.000E+00
                                          1     11.045  1.029E-04  1.029E-04  0.000E+00
 32  11.070001   1.0  1   4.56E-21  0 u                      1+  2 ?      0.0000 %P      ?      0.0000 %N     
 33  11.210001   1.0 -1   2.07E-21  0 n                          2 ?      0.0000 %P      ?      0.0000 %IT    
 34  11.240001   3.0 -1   4.15E-20  0 u                      3-  3 ?      0.0000 %P      ?      0.0000 %N      ?      0.0000 %IT    
 35  11.270000   2.0 -1   2.54E-21  0 u                      2-  2 ?      0.0000 %P      ?      0.0000 %N     
 36  11.357000   1.0  1   1.52E-20  0 u                      1+  2 ?      0.0000 %P      ?      0.0000 %N     
 37  11.513500   3.0  1   6.52E-20  0 c                   2+,3+  1 ?      0.0000 %P     
 38  11.676001   2.0 -1   3.04E-21  0 c                   1-,2-  2 ?      0.0000 %P      ?      0.0000 %N     
 39  11.741000   2.0 -1   1.14E-20  0 c                   1-,2-  2 ?      0.0000 %P      ?      0.0000 %IT    
 40  11.761001   3.0 -1   5.85E-21  0 c                   3-,4-  2 ?      0.0000 %P      ?      0.0000 %IT    
 41  11.807000   2.0 -1   3.83E-21  0 c                 2-,(1+)  2 ?      0.0000 %P      ?      0.0000 %N     
 42  11.874001   2.0 -1   4.52E-21  0 c                 2-,(1-)  2 ?      0.0000 %P      ?      0.0000 %N     
 43  12.200001   2.0 -1   1.52E-21  0 c                   1-,2-  2 ?      0.0000 %P      ?      0.0000 %N     
 44  12.408001   4.0 -1   1.34E-20  0 u                    (4-)  3 ?      0.0000 %P      ?      0.0000 %N      ?      0.0000 %A     
 45  12.418000   4.0 -1   1.11E-20  0 c                   3-,4-  1 ?      0.0000 %P     
 46  12.495001   1.0  1   1.17E-20  0 u                    (1+)  4 ?      0.0000 %P      ?      0.0000 %N      ?      0.0000 %A      ?      0.0000 %IT    
 47  12.594001   3.0  1   9.50E-21  0 u                      3+  3 ?      0.0000 %P      ?      0.0000 %N      ?      0.0000 %A     
 48  12.690001   3.0 -1   2.54E-20  0 u                      3-  3 ?      0.0000 %P      ?      0.0000 %N      ?      0.0000 %A     
 49  12.708000   2.0 -1   1.06E-20  0 n                          1 ?      0.0000 %P     
 50  12.789001   4.0  1   2.85E-20  0 u                      4+  3 ?      0.0000 %P      ?      0.0000 %N      ?      0.0000 %A     
 51  12.813001   4.0 -1   9.13E-20  0 u                      4-  3 ?      0.0000 %P      ?      0.0000 %A      ?      0.0000 %IT    
 52  12.826000   2.0  1   4.15E-20  0 n                          2 ?      0.0000 %P      ?      0.0000 %N     
 53  12.857000   2.0  1   5.85E-21  0 n                          2 ?      0.0000 %P      ?      0.0000 %N     
 54  12.883000   2.0 -1   3.41E-21  0 n                          1 ?      0.0000 %P     
 55  12.922001   4.0  1   2.07E-20  0 u                      4+  2 ?      0.0000 %P      ?      0.0000 %A     
 56  13.007001   2.0  1   3.80E-21  0 n                          2 ?      0.0000 %P      ?      0.0000 %IT    
 57  13.167001   1.0  1   3.04E-20  0 u                      1+  4 ?      0.0000 %P      ?      0.0000 %N      ?      0.0000 %A      ?      0.0000 %IT    
 58  13.192000   3.0  1   7.02E-21  0 u                      3+  1 =    100.0000 %A     
 59  13.243001   2.0 -1   4.96E-21  0 u                      2-  4 ?      0.0000 %P      ?      0.0000 %N      ?      0.0000 %A      ?      0.0000 %IT    
 60  13.300000   2.0 -1   4.56E-22  0 u                    (2-)  2 ?      0.0000 %P      ?      0.0000 %IT    
 61  13.656001   3.0  1   5.07E-21  0 c                 (2+,3+)  3 ?      0.0000 %P      ?      0.0000 %N      ?      0.0000 %A     
 62  13.714001   3.0  1   4.35E-21  0 c                   2-,3+  4 ?      0.0000 %P      ?      0.0000 %N      ?      0.0000 %A      ?      0.0000 %IT    
 63  13.740001   1.0  1   2.54E-21  0 u                      1+  4 ?      0.0000 %P      ?      0.0000 %N      ?      0.0000 %A      ?      0.0000 %IT    
 64  13.770000   1.0  1   3.80E-21  0 u                    (1+)  2 ?      0.0000 %P      ?      0.0000 %A     
 65  14.040001  -1.0  0   4.56E-21  0                            3 ?      0.0000 %P      ?      0.0000 %N      ?      0.0000 %A     
 66  14.160001  -1.0  0   1.98E-21  0                            3 ?      0.0000 %P      ?      0.0000 %N      ?      0.0000 %A     
 67  14.250001   3.0  1   1.09E-21  0 u                      3+  2 ?      0.0000 %P      ?      0.0000 %A     
 68  14.300001  -1.0  0   3.04E-21  0                            2 ?      0.0000 %P      ?      0.0000 %A     
 69  14.560000  -1.0  0   4.56E-21  0                            3 ?      0.0000 %P      ?      0.0000 %N      ?      0.0000 %A     
 70  14.590001  -1.0  0   9.13E-21  0                            3 ?      0.0000 %P      ?      0.0000 %N      ?      0.0000 %A     
 71  14.660001   5.0 -1   4.56E-21  0 u                      5-  1 =    100.0000 %A     
 72  14.730000   2.0 -1   3.65E-21  0 u                    (2-)  4 ?      0.0000 %P      ?      0.0000 %N      ?      0.0000 %A      ?      0.0000 %IT    
 73  14.860001  -1.0  0   3.26E-21  0                            3 ?      0.0000 %P      ?      0.0000 %N      ?      0.0000 %A     
 74  14.920001  -1.0  0   1.06E-20  0                            3 ?      0.0000 %P      ?      0.0000 %N      ?      0.0000 %A     
 75  15.020000  -1.0  0   7.60E-21  0                     3-,4-  4 ?      0.0000 %P      ?      0.0000 %N      ?      0.0000 %A      ?      0.0000 %IT    
 76  15.240001  -1.0  0   4.56E-21  0                            2 ?      0.0000 %P      ?      0.0000 %A     
 77  15.430000  -1.0  0   4.56E-21  0                            3 ?      0.0000 %P      ?      0.0000 %N      ?      0.0000 %A     
 78  15.700001  -1.0  0   1.30E-21  0                            4 ?      0.0000 %P      ?      0.0000 %N      ?      0.0000 %A      ?      0.0000 %IT    
 79  16.210001  -1.0  0   3.65E-21  0                            3 ?      0.0000 %P      ?      0.0000 %N      ?      0.0000 %A     
 80  16.400002  -1.0  0   3.04E-21  0                            2 ?      0.0000 %P      ?      0.0000 %A     
 81  16.650002   4.0  1   1.90E-21  0 u                      4+  1 ?      0.0000 %A     
 82  16.910002   5.0 -1   2.68E-21  0 u                      5-  0
 83  16.910002   4.0  1   1.57E-21  0 u                      4+  2 ?      0.0000 %P      ?      0.0000 %A     
 84  16.920000   2.0  1   5.50E-22  0 u                      2+  1 ?      0.0000 %A     
 85  17.030001   3.0 -1   1.86E-21  0 u                      3-  1 ?      0.0000 %A     
 86  17.170000   1.0 -1   1.52E-21  0 u                      1-  3 ?      0.0000 %P      ?      0.0000 %A      ?      0.0000 %IT    
 87  17.310001   4.0  1   1.66E-21  0 u                      4+  1 ?      0.0000 %A     
 88  17.400002   4.0  1   1.86E-21  0 u                      4+  1 ?      0.0000 %A     
 89  17.460001   5.0 -1             0 u                      5-  0
 90  17.850000   4.0  1   9.60E-22  0 u                      4+  1 ?      0.0000 %A     
 91  17.850000   3.0 -1   1.04E-21  0 u                      3-  1 ?      0.0000 %A     
 92  17.930000   2.0  1   1.34E-21  0 u                      2+  1 ?      0.0000 %A     
 93  18.020000   3.0 -1   8.00E-22  0 u                      3-  1 ?      0.0000 %A     
 94  18.140001   4.0  1   9.50E-22  0 u                      4+  1 ?      0.0000 %A     
 95  18.350000   1.0 -1   8.15E-22  0 u                      1-  1 ?      0.0000 %A     
 96  18.430000   4.0  1   1.45E-21  0 u                      4+  1 ?      0.0000 %A     
 97  18.500000   5.0 -1   7.36E-21  0 u                      5-  1 ?      0.0000 %A     
 98  18.530001   2.0  1   1.11E-21  0 u                      2+  1 ?      0.0000 %A     
 99  18.530001   3.0 -1   1.47E-21  0 u                      3-  1 ?      0.0000 %A     
100  18.640001   3.0 -1   6.76E-22  0 u                      3-  1 ?      0.0000 %A     
101  18.780001   1.0 -1   1.45E-21  0 u                      1-  1 ?      0.0000 %A     
102  18.880001   4.0  1   9.60E-22  0 u                      4+  1 ?      0.0000 %A     
103  18.930000  -1.0  0   1.01E-21  0                     2+,3-  1 ?      0.0000 %A     
104  19.100000   3.0 -1   5.24E-22  0 u                      3-  1 ?      0.0000 %A     
105  19.900002   2.0  1   7.94E-22  0 u                      2+  1 ?      0.0000 %A     
106  19.990002   1.0 -1   8.95E-22  0 u                      1-  1 ?      0.0000 %A     
107  20.110001  -1.0  0   3.80E-21  0                     3-,4-  0
108  20.630001   4.0  1   4.15E-22  0 u                      4+  1 ?      0.0000 %A     
109  20.650002   5.0 -1   7.48E-22  0 u                      5-  1 ?      0.0000 %A     
110  21.240002   4.0  1   1.10E-21  0 u                      4+  1 ?      0.0000 %A     
111  21.510000   3.0 -1   1.94E-21  0 u                      3-  1 ?      0.0000 %A     
112  21.530001   5.0 -1   1.27E-21  0 u                      5-  1 ?      0.0000 %A     
113  21.680000   4.0  1   1.27E-21  0 u                      4+  1 ?      0.0000 %A     
114  21.800001   4.0  1   7.02E-22  0 u                      4+  2 ?      0.0000 %IT     ?      0.0000 %3HE   
115  22.260000   4.0  1   7.02E-21  0 u                      4+  1 ?      0.0000 %A     
116  22.310001   5.0 -1   8.00E-22  0 u                      5-  1 ?      0.0000 %A     
117  22.500002   2.0 -1             0 u                      2-  2 ?      0.0000 %P      ?      0.0000 %IT    
118  23.000002   2.0 -1   1.52E-22  0 u                      2-  3 ?      0.0000 %P      ?      0.0000 %N      ?      0.0000 %IT    
119  23.400002   5.0 -1   7.13E-22  0 u                      5-  1 ?      0.0000 %A     
120  24.000002  -1.0  0   4.56E-22  0                            3 ?      0.0000 %N      ?      0.0000 %A      ?      0.0000 %3HE   
 15N    15    7  113  136   56   22   10.833301   10.207420
  1   0.000000   0.5 -1  -1.00E+00  0 u                    1/2-  0
  2   5.270150   2.5  1   1.79E-12  1 u                    5/2+  0
                                          1      5.269  1.000E+00  1.000E+00  0.000E+00
  3   5.298820   0.5  1   1.70E-14  1 u                    1/2+  0
                                          1      5.298  1.000E+00  1.000E+00  0.000E+00
  4   6.323780   1.5 -1   1.46E-16  3 u                    3/2-  0
                                          3      1.025  0.000E+00  0.000E+00  0.000E+00
                                          2      1.054  0.000E+00  0.000E+00  0.000E+00
                                          1      6.322  1.000E+00  1.000E+00  0.000E+00
  5   7.155050   2.5  1   1.20E-14  4 u                    5/2+  0
                                          4      0.831  0.000E+00  0.000E+00  0.000E+00
                                          3      1.856  0.000E+00  0.000E+00  0.000E+00
                                          2      1.885  9.998E-01  9.998E-01  0.000E+00
                                          1      7.153  2.299E-04  2.299E-04  0.000E+00
  6   7.300830   1.5  1   4.20E-16  4 u                    3/2+  0
                                          4      0.977  0.000E+00  0.000E+00  0.000E+00
                                          3      2.002  1.984E-03  1.984E-03  0.000E+00
                                          2      2.031  5.952E-03  5.952E-03  0.000E+00
                                          1      7.299  9.921E-01  9.921E-01  0.000E+00
  7   7.567101   3.5  1   8.00E-15  4 u                    7/2+  0
                                          4      1.243  0.000E+00  0.000E+00  0.000E+00
                                          3      2.268  0.000E+00  0.000E+00  0.000E+00
                                          2      2.297  9.872E-01  9.872E-01  0.000E+00
                                          1      7.565  1.283E-02  1.283E-02  0.000E+00
  8   8.312620   0.5  1   1.20E-15  6 u                    1/2+  0
                                          6      1.012  4.466E-02  4.466E-02  0.000E+00
                                          5      1.158  1.196E-02  1.196E-02  0.000E+00
                                          4      1.989  4.466E-02  4.466E-02  0.000E+00
                                          3      3.013  1.013E-01  1.013E-01  0.000E+00
                                          2      3.042  0.000E+00  0.000E+00  0.000E+00
                                          1      8.310  7.974E-01  7.974E-01  0.000E+00
  9   8.571401   1.5  1   5.00E-16  7 u                    3/2+  0
                                          7      1.004  0.000E+00  0.000E+00  0.000E+00
                                          6      1.271  0.000E+00  0.000E+00  0.000E+00
                                          5      1.416  3.466E-02  3.466E-02  0.000E+00
                                          4      2.247  1.386E-02  1.386E-02  0.000E+00
                                          3      3.272  0.000E+00  0.000E+00  0.000E+00
                                          2      3.301  6.301E-01  6.301E-01  0.000E+00
                                          1      8.569  3.214E-01  3.214E-01  0.000E+00
 10   9.049710   0.5  1   3.50E-16  7 u                    1/2+  0
                                          8      0.737  0.000E+00  0.000E+00  0.000E+00
                                          7      1.483  0.000E+00  0.000E+00  0.000E+00
                                          6      1.749  1.182E-02  1.182E-02  0.000E+00
                                          5      1.895  0.000E+00  0.000E+00  0.000E+00
                                          4      2.726  4.455E-02  4.455E-02  0.000E+00
                                          2      3.779  3.455E-02  3.455E-02  0.000E+00
                                          1      9.047  9.091E-01  9.091E-01  0.000E+00
 11   9.151901   1.5 -1   9.70E-16  1 u                    3/2-  0
                                          1      9.149  1.000E+00  1.000E+00  0.000E+00
 12   9.154901   2.5  1   5.00E-15  5 u                    5/2+  0
                                          5      2.000  5.682E-01  5.682E-01  0.000E+00
                                          4      2.831  2.216E-01  2.216E-01  0.000E+00
                                          3      3.856  1.023E-01  1.023E-01  0.000E+00
                                          2      3.884  1.080E-01  1.080E-01  0.000E+00
                                          1      9.152  0.000E+00  0.000E+00  0.000E+00
 13   9.222100   0.5 -1   9.00E-14  7 u                    1/2-  0
                                          8      0.910  0.000E+00  0.000E+00  0.000E+00
                                          7      1.655  0.000E+00  0.000E+00  0.000E+00
                                          6      1.921  2.570E-02  2.570E-02  0.000E+00
                                          5      2.067  0.000E+00  0.000E+00  0.000E+00
                                          4      2.898  3.441E-01  3.441E-01  0.000E+00
                                          3      3.923  4.146E-01  4.146E-01  0.000E+00
                                          1      9.219  2.156E-01  2.156E-01  0.000E+00
 14   9.760000   2.5 -1   1.80E-15  9 u                    5/2-  0
                                          9      1.189  0.000E+00  0.000E+00  0.000E+00
                                          8      1.447  0.000E+00  0.000E+00  0.000E+00
                                          7      2.193  4.628E-02  4.628E-02  0.000E+00
                                          6      2.459  0.000E+00  0.000E+00  0.000E+00
                                          5      2.605  2.124E-02  2.124E-02  0.000E+00
                                          4      3.436  3.414E-02  3.414E-02  0.000E+00
                                          3      4.475  6.980E-02  6.980E-02  0.000E+00
                                          2      4.475  6.980E-02  6.980E-02  0.000E+00
                                          1      9.757  7.587E-01  7.587E-01  0.000E+00
 15   9.829000   3.5 -1   1.20E-14  7 u                    7/2-  0
                                          7      2.262  7.264E-02  7.264E-02  0.000E+00
                                          6      2.528  3.716E-02  3.716E-02  0.000E+00
                                          5      2.674  2.365E-02  2.365E-02  0.000E+00
                                          4      3.505  2.196E-02  2.196E-02  0.000E+00
                                          3      4.529  0.000E+00  0.000E+00  0.000E+00
                                          2      4.558  8.446E-01  8.446E-01  0.000E+00
                                          1      9.826  0.000E+00  0.000E+00  0.000E+00
 16   9.925000   1.5 -1   2.10E-16  9 u                    3/2-  0
                                          9      1.354  0.000E+00  0.000E+00  0.000E+00
                                          8      1.612  0.000E+00  0.000E+00  0.000E+00
                                          7      2.358  0.000E+00  0.000E+00  0.000E+00
                                          6      2.624  1.817E-02  1.817E-02  0.000E+00
                                          5      2.770  0.000E+00  0.000E+00  0.000E+00
                                          4      3.601  4.240E-02  4.240E-02  0.000E+00
                                          3      4.640  1.332E-01  1.332E-01  0.000E+00
                                          2      4.640  1.332E-01  1.332E-01  0.000E+00
                                          1      9.922  6.729E-01  6.729E-01  0.000E+00
 17  10.066001   1.5  1   6.90E-17  9 u                    3/2+  0
                                          9      1.495  0.000E+00  0.000E+00  0.000E+00
                                          8      1.753  0.000E+00  0.000E+00  0.000E+00
                                          7      2.499  0.000E+00  0.000E+00  0.000E+00
                                          6      2.765  0.000E+00  0.000E+00  0.000E+00
                                          5      2.911  0.000E+00  0.000E+00  0.000E+00
                                          4      3.742  0.000E+00  0.000E+00  0.000E+00
                                          3      4.782  3.875E-02  3.875E-02  0.000E+00
                                          2      4.782  3.875E-02  3.875E-02  0.000E+00
                                          1     10.062  9.225E-01  9.225E-01  0.000E+00
 18  10.449700   2.5 -1   9.12E-19  8 u                    5/2-  2 ?      0.0000 %P      ?      0.0000 %IT    
                                         15      0.621  0.000E+00  0.000E+00  0.000E+00
                                         11      1.298  0.000E+00  0.000E+00  0.000E+00
                                          9      1.878  0.000E+00  0.000E+00  0.000E+00
                                          5      3.294  0.000E+00  0.000E+00  0.000E+00
                                          4      4.125  0.000E+00  0.000E+00  0.000E+00
                                          3      5.150  0.000E+00  0.000E+00  0.000E+00
                                          2      5.179  0.000E+00  0.000E+00  0.000E+00
                                          1     10.446  0.000E+00  0.000E+00  0.000E+00
 19  10.533300   2.5  1             7 u                    5/2+  2 ?      0.0000 %P      ?      0.0000 %IT    
                                         11      1.381  0.000E+00  0.000E+00  0.000E+00
                                          9      1.962  0.000E+00  0.000E+00  0.000E+00
                                          6      3.232  0.000E+00  0.000E+00  0.000E+00
                                          5      3.378  0.000E+00  0.000E+00  0.000E+00
                                          4      4.209  0.000E+00  0.000E+00  0.000E+00
                                          2      5.262  0.000E+00  0.000E+00  0.000E+00
                                          1     10.529  0.000E+00  0.000E+00  0.000E+00
 20  10.693201   4.5  1   1.20E-14  3 u                    9/2+  2 ?      0.0000 %P      ?      0.0000 %IT    
                                          7      3.126  0.000E+00  0.000E+00  0.000E+00
                                          5      3.538  0.000E+00  0.000E+00  0.000E+00
                                          2      5.422  0.000E+00  0.000E+00  0.000E+00
 21  10.701900   1.5 -1   2.28E-18 10 u                    3/2-  2 =     99.8000 %P      =      0.1800 %IT    
                                         13      1.480  2.651E-05  2.651E-05  0.000E+00
                                         11      1.550  3.787E-06  3.787E-06  0.000E+00
                                         10      1.652  3.787E-06  3.787E-06  0.000E+00
                                          8      2.389  1.420E-05  1.420E-05  0.000E+00
                                          6      3.401  4.166E-05  4.166E-05  0.000E+00
                                          5      3.546  7.575E-06  7.575E-06  0.000E+00
                                          4      4.377  6.817E-05  6.817E-05  0.000E+00
                                          3      5.402  1.420E-05  1.420E-05  0.000E+00
                                          2      5.431  6.732E-04  6.732E-04  0.000E+00
                                          1     10.698  9.469E-04  9.469E-04  0.000E+00
 22  10.804001   1.5  1   4.56E-16 10 u                    3/2+  2 ?      0.0000 %P      ?      0.0000 %IT    
                                         12      1.649  0.000E+00  0.000E+00  0.000E+00
                                         11      1.652  0.000E+00  0.000E+00  0.000E+00
                                         10      1.754  0.000E+00  0.000E+00  0.000E+00
                                          8      2.491  0.000E+00  0.000E+00  0.000E+00
                                          6      3.503  0.000E+00  0.000E+00  0.000E+00
                                          5      3.649  0.000E+00  0.000E+00  0.000E+00
                                          4      4.480  0.000E+00  0.000E+00  0.000E+00
                                          3      5.505  0.000E+00  0.000E+00  0.000E+00
                                          2      5.534  0.000E+00  0.000E+00  0.000E+00
                                          1     10.800  0.000E+00  0.000E+00  0.000E+00
 23  11.235001   0.5 -1   1.38E-19  0 n                  GE 3/2  1 =    100.0000 %N     
 24  11.292800   0.5 -1   5.70E-20  0 u                    1/2-  3 ?      0.0000 %P      ?      0.0000 %N      ?      0.0000 %IT    
 25  11.437600   0.5  1   1.10E-20  0 u                    1/2+  4 ?      0.0000 %P      ?      0.0000 %N      ?      0.0000 %A      ?      0.0000 %IT    
 26  11.615001   0.5  1   1.13E-21  4 u                    1/2+  3 ?      0.0000 %P      ?      0.0000 %N      =      0.0052 %IT    
                                          4      5.291  9.957E-07  9.957E-07  0.000E+00
                                          3      6.316  3.888E-06  3.888E-06  0.000E+00
                                          2      6.345  0.000E+00  0.000E+00  0.000E+00
                                          1     11.610  4.742E-05  4.742E-05  0.000E+00
 27  11.763000   1.5  1   1.14E-20  0 u                    3/2+  3 ?      0.0000 %P      ?      0.0000 %N      ?      0.0000 %A     
 28  11.876000   1.5 -1   1.83E-20  0 u                    3/2-  4 ?      0.0000 %P      ?      0.0000 %N      ?      0.0000 %A      ?      0.0000 %IT    
 29  11.942000   4.5 -1   1.52E-19  0 u                    9/2-  2 ?      0.0000 %N      ?      0.0000 %A     
 30  11.965000   0.5 -1   2.68E-20  0 u                    1/2-  3 ?      0.0000 %P      ?      0.0000 %N      ?      0.0000 %A     
 31  12.095000   2.5  1   3.26E-20  0 u                    5/2+  3 ?      0.0000 %P      ?      0.0000 %N      ?      0.0000 %A     
 32  12.145000   1.5 -1   1.11E-20  0 u                    3/2-  3 ?      0.0000 %P      ?      0.0000 %N      ?      0.0000 %A     
 33  12.327001   2.5  1   2.07E-20  0 u                  5/2(+)  2 ?      0.0000 %P      ?      0.0000 %N     
 34  12.493001   2.5  1   1.14E-20  0 u                    5/2+  3 ?      0.0000 %P      ?      0.0000 %N      ?      0.0000 %A     
 35  12.522000   2.5  1   7.87E-21  4 u                    5/2+  2 =    100.0000 %P      =      0.0079 %IT    
                                          4      6.197  4.561E-06  4.561E-06  0.000E+00
                                          3      7.221  0.000E+00  0.000E+00  0.000E+00
                                          2      7.250  7.356E-05  7.356E-05  0.000E+00
                                          1     12.516  8.827E-07  8.827E-07  0.000E+00
 36  12.551001   4.5  1             0 u                    9/2+  0
 37  12.920001   1.5 -1   8.15E-21  0 u                    3/2-  3 ?      0.0000 %P      ?      0.0000 %N      ?      0.0000 %A     
 38  12.940001   2.5  1   5.63E-21  0 u                    5/2+  2 ?      0.0000 %P      ?      0.0000 %A     
 39  13.004001   5.5 -1             0 u                   11/2-  0
 40  13.149000   1.5  1   6.52E-20  0 n                          3 ?      0.0000 %P      ?      0.0000 %N      ?      0.0000 %A     
 41  13.174001   4.5  1   6.52E-20  0 u                   (9/2)  3 ?      0.0000 %P      ?      0.0000 %N      ?      0.0000 %A     
 42  13.362000   1.5 -1   2.85E-20  0 u                    3/2-  3 ?      0.0000 %P      ?      0.0000 %N      ?      0.0000 %A     
 43  13.390000   1.5  1   8.15E-21  6 u                    3/2+  4 ?      0.0000 %P      ?      0.0000 %N      ?      0.0000 %A      =      0.0054 %IT    
                                          6      6.089  0.000E+00  0.000E+00  0.000E+00
                                          5      6.235  0.000E+00  0.000E+00  0.000E+00
                                          4      7.066  0.000E+00  0.000E+00  0.000E+00
                                          3      8.091  0.000E+00  0.000E+00  0.000E+00
                                          2      8.120  0.000E+00  0.000E+00  0.000E+00
                                          1     13.384  5.400E-05  5.400E-05  0.000E+00
 44  13.537001   1.5 -1   5.37E-21  0 u                    3/2-  3 ?      0.0000 %P      ?      0.0000 %N      ?      0.0000 %A     
 45  13.608001   2.5  1   2.54E-20  0 u                  5/2(+)  3 ?      0.0000 %P      ?      0.0000 %N      ?      0.0000 %A     
 46  13.612000   0.5  1   5.07E-21  0 u                  (1/2+)  3 ?      0.0000 %P      ?      0.0000 %N      ?      0.0000 %A     
 47  13.713000   3.5 -1   1.76E-20  0 n                          3 ?      0.0000 %P      ?      0.0000 %N      ?      0.0000 %A     
 48  13.840001   1.5  1   6.08E-21  0 u                    3/2+  3 ?      0.0000 %P      ?      0.0000 %N      ?      0.0000 %A     
 49  13.900001   0.5  1   4.91E-22  0 u                    1/2+  2 ?      0.0000 %P      ?      0.0000 %IT    
 50  13.990001   2.5  1   4.66E-21  0 u                    5/2+  3 ?      0.0000 %P      ?      0.0000 %N      ?      0.0000 %A     
 51  14.090001   3.5  1   2.07E-20  0 c             (9/2+,7/2+)  3 ?      0.0000 %P      ?      0.0000 %N      ?      0.0000 %A     
 52  14.100000   1.5  1   4.56E-21  0 u                    3/2+  2 ?      0.0000 %N      ?      0.0000 %A     
 53  14.162001   1.5  1   1.69E-20  0 u                  3/2(+)  2 ?      0.0000 %N      ?      0.0000 %A     
 54  14.240001   2.5  1   3.04E-21  0 u                    5/2+  1 =    100.0000 %A     
 55  14.380001   3.5  1   4.56E-21  0 u                    7/2+  1 =    100.0000 %A     
 56  14.400001   3.5  1   2.40E-22  0 n                          3 ?      0.0000 %P      ?      0.0000 %N      ?      0.0000 %A     
 57  14.550001  -1.0  0   2.28E-21  0                            3 ?      0.0000 %P      ?      0.0000 %N      ?      0.0000 %A     
 58  14.647000  -1.0  0   1.38E-20  0                            3 ?      0.0000 %P      ?      0.0000 %N      ?      0.0000 %A     
 59  14.710001  -1.0  0   6.08E-22  0                            2 ?      0.0000 %P      ?      0.0000 %IT    
 60  14.720000   2.5 -1   4.15E-21  0 u                    5/2-  4 ?      0.0000 %P      ?      0.0000 %N      ?      0.0000 %A      ?      0.0000 %IT    
 61  14.860001  -1.0  0   9.50E-21  0                            2 ?      0.0000 %N      ?      0.0000 %A     
 62  14.920001  -1.0  0   3.80E-20  0                            2 ?      0.0000 %N      ?      0.0000 %A     
 63  15.025001  -1.0  0   3.51E-20  0                            2 ?      0.0000 %N      ?      0.0000 %A     
 64  15.090001  -1.0  0   5.70E-21  0                            2 ?      0.0000 %N      ?      0.0000 %A     
 65  15.288001  -1.0  0   1.76E-20  0                            2 ?      0.0000 %N      ?      0.0000 %A     
 66  15.373001   6.5  1             0 u                   13/2+  0
 67  15.380001  -1.0  0   6.08E-21  0                            2 ?      0.0000 %N      ?      0.0000 %A     
 68  15.430000  -1.0  0   4.56E-21  0                            2 ?      0.0000 %N      ?      0.0000 %A     
 69  15.450001  -1.0  0   6.08E-22  0                            2 ?      0.0000 %P      ?      0.0000 %IT    
 70  15.530001  -1.0  0   1.30E-20  0                            2 ?      0.0000 %N      ?      0.0000 %A     
 71  15.600000  -1.0  0   4.80E-21  0                            2 ?      0.0000 %N      ?      0.0000 %A     
 72  15.782001  -1.0  0             0                            2 ?      0.0000 %P      ?      0.0000 %A     
 73  15.930000  -1.0  0   1.30E-20  0                            2 ?      0.0000 %N      ?      0.0000 %A     
 74  15.944001  -1.0  0   2.17E-20  0                            2 ?      0.0000 %N      ?      0.0000 %A     
 75  16.026001  -1.0  0   7.36E-21  0                            3 ?      0.0000 %P      ?      0.0000 %N      ?      0.0000 %A     
 76  16.190001   1.5  1   1.01E-21  0 u                    3/2+  4 ?      0.0000 %P      ?      0.0000 %N      ?      0.0000 %A      ?      0.0000 %IT    
 77  16.260000   1.5  1   3.04E-21  0 u                    3/2+  3 ?      0.0000 %N      ?      0.0000 %A      ?      0.0000 %IT    
 78  16.320002  -1.0  0   1.52E-20  0                            3 ?      0.0000 %P      ?      0.0000 %N      ?      0.0000 %A     
 79  16.390001  -1.0  0   1.04E-20  0                            3 ?      0.0000 %P      ?      0.0000 %N      ?      0.0000 %A     
 80  16.460001  -1.0  0   8.15E-22  0                            2 ?      0.0000 %P      ?      0.0000 %IT    
 81  16.576000  -1.0  0   1.69E-20  0                            2 ?      0.0000 %N      ?      0.0000 %A     
 82  16.590000   1.5 -1   9.31E-22  0 u                    3/2-  4 ?      0.0000 %P      ?      0.0000 %N      ?      0.0000 %A      ?      0.0000 %IT    
 83  16.677000   0.5  1   5.70E-21  0 u                    1/2+  4 ?      0.0000 %P      ?      0.0000 %N      ?      0.0000 %A      ?      0.0000 %IT    
 84  16.850000   2.5  0   4.15E-21  0 u                     5/2  1 ?      0.0000 %A     
 85  16.910002  -1.0  0   1.30E-21  0                            3 ?      0.0000 %P      ?      0.0000 %N      ?      0.0000 %A     
 86  17.050001  -1.0  0             0                            1 ?      0.0000 %P     
 87  17.110001  -1.0  0             0                            1 ?      0.0000 %A     
 88  17.150002  -1.0  0   1.82E-21  0               (1/2+,3/2+)  2 ?      0.0000 %A      ?      0.0000 %IT    
 89  17.230001  -1.0  0   2.61E-21  0                            1 ?      0.0000 %A     
 90  17.370001  -1.0  0   1.82E-21  0                            2 ?      0.0000 %P      ?      0.0000 %A     
 91  17.580000   1.5  1   1.01E-21  0 u                    3/2+  2 ?      0.0000 %A      ?      0.0000 %IT    
 92  17.670000   1.5  1   7.60E-22  0 u                    3/2+  3 ?      0.0000 %N      ?      0.0000 %A      ?      0.0000 %IT    
 93  17.720001  -1.0  0   9.50E-21  0                            3 ?      0.0000 %P      ?      0.0000 %N      ?      0.0000 %A     
 94  17.950001  -1.0  0   2.73E-21  0                            2 ?      0.0000 %N      ?      0.0000 %A     
 95  18.060001  -1.0  0   2.40E-20  0                            2 ?      0.0000 %N      ?      0.0000 %A     
 96  18.090000  -1.0  0   1.14E-20  0                            2 ?      0.0000 %P      ?      0.0000 %N     
 97  18.220001  -1.0  0   2.89E-21  0                            2 ?      0.0000 %N      ?      0.0000 %A     
 98  18.270000  -1.0  0   1.94E-21  0                            3 ?      0.0000 %P      ?      0.0000 %N      ?      0.0000 %A     
 99  18.700001  -1.0  0             0                            0
100  18.910002  -1.0  0   6.08E-22  0               3/2+ & 1/2+  2 ?      0.0000 %A      ?      0.0000 %IT    
101  19.200001   0.5  1   3.51E-21  0 u                  (1/2+)  1 ?      0.0000 %N     
102  19.500000   1.5  1   1.14E-21  0 u                    3/2+  2 ?      0.0000 %P      ?      0.0000 %IT    
103  19.720001  -1.0  0             0                            0
104  20.120001  -1.0  0             0                            0
105  20.500002   1.5  1   1.14E-21  0 u                    3/2+  3 ?      0.0000 %P      ?      0.0000 %N      ?      0.0000 %IT    
106  20.960001  -1.0  0   2.62E-22  0               3/2+ & 1/2+  2 ?      0.0000 %A      ?      0.0000 %IT    
107  21.820002  -1.0  0   7.60E-22  0                            2 ?      0.0000 %P      ?      0.0000 %IT    
108  23.190001  -1.0  0             0                            2 ?      0.0000 %P      ?      0.0000 %IT    
109  23.600000  -1.0  0             0                            2 ?      0.0000 %N      ?      0.0000 %IT    
110  24.750002  -1.0  0             0                            0
111  25.500002   1.5 -1             0 u                    3/2-  3 ?      0.0000 %P      ?      0.0000 %N      ?      0.0000 %IT    
112  26.800001  -1.0  0             0                            0
113  37.000000  -1.0  0             0                            2 ?      0.0000 %P      ?      0.0000 %IT    
 16N    16    7   66    4   33    4    2.489400   11.478701
  1   0.000000   2.0 -1   7.13E+00  0 u                      2-  1 =    100.0000 %B-    
  2   0.120420   0.0 -1   5.25E-06  1 u                      0-  2 ?      0.0000 %B-     ?      0.0000 %IT    
                                          1      0.120  0.000E+00  0.000E+00  0.000E+00
  3   0.298220   3.0 -1   9.13E-11  1 u                      3-  0
                                          1      0.298  1.000E+00  1.000E+00  0.000E+00
  4   0.397270   1.0 -1   3.90E-12  2 u                      1-  0
                                          2      0.277  7.342E-01  7.342E-01  0.000E+00
                                          1      0.397  2.658E-01  2.658E-01  0.000E+00
  5   3.353000   1.0  1   3.04E-20  0 u                    (1+)  1 =    100.0000 %N     
  6   3.523000   2.0  1   1.52E-19  0 u                      2+  1 =    100.0000 %N     
  7   3.963000   3.0  1   2.28E-19  0 u                      3+  1 =    100.0000 %N     
  8   4.320000   1.0  1   2.28E-20  0 u                      1+  1 =    100.0000 %N     
  9   4.391000   1.0 -1   5.56E-21  0 u                      1-  1 =    100.0000 %N     
 10   4.760000   1.0 -1   1.82E-21  0 u                      1-  1 =    100.0000 %N     
 11   4.783000   2.0  1   7.73E-21  0 u                      2+  1 =    100.0000 %N     
 12   5.054000   2.0 -1   2.40E-20  0 u                      2-  1 =    100.0000 %N     
 13   5.129000   0.0  1   4.15E-20  0 n                    GE 2  1 =    100.0000 %N     
 14   5.150000   3.0 -1   4.15E-20  0 u                    (3)-  1 =    100.0000 %N     
 15   5.230000   3.0  1   1.14E-19  0 u                      3+  1 =    100.0000 %N     
 16   5.250000   2.0 -1   1.43E-21  0 u                      2-  1 =    100.0000 %N     
 17   5.318000   1.0  1   1.75E-21  0 c                 (0-,1+)  1 =    100.0000 %N     
 18   5.521600   3.0  1   4.15E-20  0 u                      3+  1 =    100.0000 %N     
 19   5.731700   5.0  1   4.15E-20  0 u                    (5+)  1 =    100.0000 %N     
 20   6.003000   1.0 -1   1.69E-21  0 u                      1-  1 =    100.0000 %N     
 21   6.170701   4.0 -1   4.15E-20  0 u                    (4-)  1 =    100.0000 %N     
 22   6.374000   3.0 -1   1.52E-20  0 u                    (3-)  1 =    100.0000 %N     
 23   6.426000   1.0 -1   1.52E-21  0 n                          0
 24   6.505000   1.0  1   1.34E-20  0 u                      1+  1 =    100.0000 %N     
 25   6.608000   4.0 -1   4.15E-20  0 u                     (4)  0
 26   6.840000   2.0  1   3.26E-21  0 n                    GE 2  1 =    100.0000 %N     
 27   6.845000   0.0 -1   4.15E-20  0 n                          0
 28   7.020000   1.0  1   2.07E-20  0 u                      1+  1 =    100.0000 %N     
 29   7.134000   2.0 -1   4.15E-20  0 n                          0
 30   7.250000   1.0  1   2.68E-20  0 n                    GE 2  1 =    100.0000 %N     
 31   7.572001   1.0 -1   4.15E-20  0 n                    GE 3  1 =    100.0000 %N     
 32   7.637001   4.0  1   4.15E-20  0 c                (3,4,5)+  0
 33   7.674000   4.0  1   4.15E-20  0 n                          1 =    100.0000 %N     
 34   7.877000  -1.0  0   4.56E-21  0                      GE 4  1 =    100.0000 %N     
 35   8.048000  -1.0  0   5.37E-21  0                            1 =    100.0000 %N     
 36   8.199000  -1.0  0   1.63E-20  0                    (3,2)+  0
 37   8.282001  -1.0  0   1.90E-20  0                            0
 38   8.365001  -1.0  0   2.54E-20  0                      GE 1  1 =    100.0000 %N     
 39   8.490001  -1.0  0   9.13E-21  0                      GE 1  1 =    100.0000 %N     
 40   8.720000  -1.0  0   1.14E-20  0                      GE 1  1 =    100.0000 %N     
 41   8.819000  -1.0  0   9.13E-21  0                            1 =    100.0000 %N     
 42   9.035001  -1.0  0   9.13E-21  0                            0
 43   9.160001  -1.0  0   4.56E-21  0                      GE 2  1 =    100.0000 %N     
 44   9.340000  -1.0  0   9.13E-21  0                            1 =    100.0000 %N     
 45   9.459001  -1.0  0   4.56E-21  0                      GE 2  1 =    100.0000 %N     
 46   9.760000  -1.0  0   3.04E-20  0                            0
 47   9.813001  -1.0  0             0                            0
 48   9.928000   0.0  1   3.80E-20  0 u                      0+  0
 49  10.055000  -1.0  0   1.52E-20  0                      GE 3  1 =    100.0000 %N     
 50  10.370001  -1.0  0   2.77E-21  0                      GE 2  1 =    100.0000 %N     
 51  10.710000  -1.0  0   3.80E-21  0                      GE 2  1 =    100.0000 %N     
 52  11.160001  -1.0  0             0                            0
 53  11.490001  -1.0  0             0                      GE 3  1 =    100.0000 %N     
 54  11.610001  -1.0  0   2.07E-21  0                      GE 3  1 ?      0.0000 %N     
 55  11.701000   2.0  1   3.80E-20  0 u                      2+  0
 56  11.750001  -1.0  0   9.13E-21  0                            0
 57  11.920001  -1.0  0   1.17E-21  0                            1 ?      0.0000 %N     
 58  12.090000  -1.0  0             0                            1 =    100.0000 %N     
 59  12.390000  -1.0  0   1.57E-21  0                            2 ?      0.0000 %P      ?      0.0000 %N     
 60  12.570001  -1.0  0   2.54E-21  0                            2 ?      0.0000 %P      ?      0.0000 %N     
 61  12.880001  -1.0  0   2.94E-21  0                            2 ?      0.0000 %P      ?      0.0000 %N     
 62  12.970000  -1.0  0   2.61E-21  0                            1 ?      0.0000 %N     
 63  13.110001  -1.0  0             0                            1 ?      0.0000 %N     
 64  13.830001  -1.0  0             0                            1 =    100.0000 %N     
 65  14.100000   7.0  1             0 u                    (7+)  0
 66  14.360001   3.0  1   2.54E-21  0 u                    (3)+  0
 17N    17    7   35   41   30    7    5.884000   13.112000
  1   0.000000   0.5 -1   4.17E+00  0 u                    1/2-  2 =    100.0000 %B-     =     95.1000 %B-N   
  2   1.373900   1.5 -1   6.40E-14  1 u                    3/2-  0
                                          1      1.374  1.000E+00  1.000E+00  0.000E+00
  3   1.849600   0.5  1   2.80E-11  2 u                    1/2+  0
                                          2      0.476  1.379E-01  1.379E-01  0.000E+00
                                          1      1.850  8.621E-01  8.621E-01  0.000E+00
  4   1.906800   2.5 -1   7.60E-12  2 u                    5/2-  0
                                          2      0.533  2.308E-01  2.308E-01  0.000E+00
                                          1      1.907  7.692E-01  7.692E-01  0.000E+00
  5   2.526000   2.5  1   2.29E-11  4 u                    5/2+  0
                                          4      0.619  4.184E-01  4.184E-01  0.000E+00
                                          3      0.676  1.213E-01  1.213E-01  0.000E+00
                                          2      1.152  3.473E-01  3.473E-01  0.000E+00
                                          1      2.526  1.130E-01  1.130E-01  0.000E+00
  6   3.128900   3.5 -1   1.91E-10  5 u                    7/2-  0
                                          5      0.603  0.000E+00  0.000E+00  0.000E+00
                                          4      1.222  1.000E+00  1.000E+00  0.000E+00
                                          3      1.279  0.000E+00  0.000E+00  0.000E+00
                                          2      1.755  0.000E+00  0.000E+00  0.000E+00
                                          1      3.129  0.000E+00  0.000E+00  0.000E+00
  7   3.204200   1.5 -1   2.10E-14  5 u                    3/2-  0
                                          5      0.678  0.000E+00  0.000E+00  0.000E+00
                                          4      1.297  1.228E-01  1.228E-01  0.000E+00
                                          3      1.355  0.000E+00  0.000E+00  0.000E+00
                                          2      1.830  0.000E+00  0.000E+00  0.000E+00
                                          1      3.204  8.772E-01  8.772E-01  0.000E+00
  8   3.628700   3.5 -1   8.30E-12  7 c              (7/2,9/2)-  0
                                          7      0.425  0.000E+00  0.000E+00  0.000E+00
                                          6      0.500  5.291E-01  5.291E-01  0.000E+00
                                          5      1.103  0.000E+00  0.000E+00  0.000E+00
                                          4      1.722  4.709E-01  4.709E-01  0.000E+00
                                          3      1.779  0.000E+00  0.000E+00  0.000E+00
                                          2      2.255  0.000E+00  0.000E+00  0.000E+00
                                          1      3.628  0.000E+00  0.000E+00  0.000E+00
  9   3.663000   0.5 -1   2.43E-13  1 u                    1/2-  0
                                          3      1.813  1.000E+00  1.000E+00  0.000E+00
 10   3.906000   2.5 -1   3.60E-14  1 c              (3/2,5/2)-  0
                                          4      1.999  1.000E+00  1.000E+00  0.000E+00
 11   4.006400   1.5  1   1.10E-14  2 u                  3/2(+)  0
                                          5      1.480  8.065E-01  8.065E-01  0.000E+00
                                          3      2.157  1.935E-01  1.935E-01  0.000E+00
 12   4.209000   2.5  1   4.90E-14  1 u                    5/2+  0
                                          2      2.835  1.000E+00  1.000E+00  0.000E+00
 13   4.415000   1.5 -1   4.20E-14  1 c              (3/2,5/2)-  0
                                          4      2.508  1.000E+00  1.000E+00  0.000E+00
 14   5.170000   4.5  1   4.20E-14  2 u                  (9/2+)  0
                                          6      2.041  6.289E-01  6.289E-01  0.000E+00
                                          5      2.644  3.711E-01  3.711E-01  0.000E+00
 15   5.195000   1.5  1   6.60E-14  2 u                    3/2+  0
                                          4      3.288  5.814E-01  5.814E-01  0.000E+00
                                          3      3.345  4.186E-01  4.186E-01  0.000E+00
 16   5.515000   1.5 -1   7.00E-14  2 u                    3/2-  0
                                          2      4.141  5.000E-01  5.000E-01  0.000E+00
                                          1      5.515  5.000E-01  5.000E-01  0.000E+00
 17   5.772000   1.5  1   8.30E-14  3 c                1/2,3/2+  0
                                         11      1.766  5.000E-01  5.000E-01  0.000E+00
                                          4      3.865  2.500E-01  2.500E-01  0.000E+00
                                          2      4.398  2.500E-01  2.500E-01  0.000E+00
 18   6.080000   0.5 -1             0 n                          0
 19   6.233000   0.5  1             0 n                          0
 20   6.449000   1.5  1             0 n                          0
 21   6.615000   1.5  1             0 n                          0
 22   6.938000   1.5 -1             0 n                          0
 23   6.981000   1.5 -1             0 u                    3/2-  0
 24   7.013000   1.5  1             0 n                          0
 25   7.170001   1.5  1             0 n                          0
 26   7.370000   2.5 -1             0 n                          0
 27   7.630001   0.5  1             0 n                          0
 28   7.730000   0.5 -1             0 n                          0
 29   8.000000   0.5 -1             0 n                          0
 30   8.140000   1.5 -1             0 n                          0
 31   8.550000  -1.0  0             0                            0
 32   8.930000  -1.0  0             0                            0
 33   9.260000  -1.0  0             0                            0
 34   9.740001  -1.0  0             0                            0
 35  10.140000  -1.0  0             0                (1/2,3/2)-  0
 18N    18    7    8    9    1    1    2.825000   15.208001
  1   0.000000   1.0 -1   6.24E-01  0                        1-  2 =    100.0000 %B-     =     14.3000 %B-N   
  2   0.114900   2.0 -1             1                      (2-)  1 =    100.0000 %IT    
                                          1      0.115  1.000E+00  1.000E+00  0.000E+00
  3   0.587560   2.0 -1             1                      (2-)  1 =    100.0000 %IT    
                                          2      0.473  1.000E+00  1.000E+00  0.000E+00
  4   0.747000   3.0 -1             0                      (3-)  0
  5   1.734850   2.0  1             3                      (2+)  1 =    100.0000 %IT    
                                          3      1.148  2.900E-01  2.900E-01  0.000E+00
                                          2      1.620  3.800E-01  3.800E-01  0.000E+00
                                          1      1.735  3.300E-01  3.300E-01  0.000E+00
  6   2.210000  -1.0  0             0                            0
  7   2.420000  -1.0  0             0                            0
  8   2.614450   1.0  1             4                        1+  1 =    100.0000 %IT    
                                          5      0.880  2.600E-01  2.600E-01  0.000E+00
                                          3      2.025  3.000E-02  3.000E-02  0.000E+00
                                          2      2.499  2.200E-01  2.200E-01  0.000E+00
                                          1      2.614  4.900E-01  4.900E-01  0.000E+00
 19N    19    7    6    0    1    1    5.328000   16.353001
  1   0.000000  -1.0  0   2.71E-01  0                            2 =    100.0000 %B-     =     54.6000 %B-N   
  2   1.110000  -1.0  0             0                            0
  3   1.650000  -1.0  0             0                            0
  4   2.540000  -1.0  0             0                            0
  5   3.470000  -1.0  0             0                            0
  6   4.180000  -1.0  0             0                            0
 20N    20    7    1    0    1    1    2.161000   18.350000
  1   0.000000  -1.0  0   1.30E-01  0                            2 =    100.0000 %B-     =     57.0000 %B-N   
 21N    21    7    1    0    1    1    4.590000   19.600000
  1   0.000000   0.5 -1   8.50E-02  0                    (1/2-)  2 =    100.0000 %B-     =     81.0000 %B-N   
 22N    22    7    1    0    1    1    1.280000   21.210001
  1   0.000000  -1.0  0   2.40E-02  0                            3 =    100.0000 %B-     =     36.0000 %B-N    LT    13.0000 %B-2N  
 23N    23    7    1    0    1    1    1.700000   22.200001
  1   0.000000  -1.0  0   1.45E-02  0                            3 =    100.0000 %B-     ?      0.0000 %B-N    ?      0.0000 %B-2N  
