193Rn  193   86    1    0    1    1    9.060000    0.870000
  1   0.000000   1.5 -1   1.15E-03  0                    (3/2-)  1 AP   100.0000 %A     
194Rn  194   86    1    0    1    1   11.020000    1.070000
  1   0.000000   0.0  1   7.80E-04  0                      (0+)  1 AP   100.0000 %A     
195Rn  195   86    2    0    1    2    0.000000    1.040000
  1   0.000000   1.5 -1   6.00E-03  0                      3/2-  1 AP   100.0000 %A     
  2   0.059000   6.5  1   5.00E-03  0                     13/2+  1 AP   100.0000 %A     
196Rn  196   86    1    0    1    1   11.166000    1.842000
  1   0.000000   0.0  1   4.40E-03  0                        0+  2 AP     0.0600 %EC+%B+ =     99.9000 %A     
197Rn  197   86    1    0    1    1    8.566000    1.890000
  1   0.000000   1.5 -1   6.50E-02  0                    (3/2-)  1 AP   100.0000 %A     
198Rn  198   86    6    5    1    1   10.755000    2.175000
  1   0.000000   0.0  1   6.50E-02  0                        0+  2 ?      0.0000 %EC+%B+ ?      0.0000 %A     
  2   0.339000   2.0  1             1                      (2+)  0
                                          1      0.339  9.106E-01  1.000E+00  9.813E-02
  3   0.749500   4.0  1             1                      (4+)  0
                                          2      0.411  9.449E-01  1.000E+00  5.826E-02
  4   1.231000   6.0  1             1                      (6+)  0
                                          3      0.482  9.625E-01  1.000E+00  3.899E-02
  5   1.779800   8.0  1             1                      (8+)  0
                                          4      0.549  9.743E-01  1.000E+00  2.637E-02
  6   2.383800  10.0  1             1                     (10+)  0
                                          5      0.604  9.791E-01  1.000E+00  2.137E-02
199Rn  199   86    2    0    1    1    8.360001    2.130000
  1   0.000000   1.5 -1   5.90E-01  0                    (3/2-)  2 =      6.0000 %EC+%B+ =     94.0000 %A     
  2   0.180000   6.5  1   3.10E-01  0                   (13/2+)  2 =      3.0000 %EC+%B+ =     97.0000 %A     
200Rn  200   86   10    9    1    2   10.559001    2.476000
  1   0.000000   0.0  1   1.03E+00  0                        0+  2 =     14.0000 %EC+%B+ =     86.0000 %A     
  2   0.432600   2.0  1             1                        2+  0
                                          1      0.433  9.516E-01  1.000E+00  5.090E-02
  3   0.936300   4.0  1             1                      (4+)  0
                                          2      0.504  9.690E-01  1.000E+00  3.204E-02
  4   1.500600   6.0  1             1                      (6+)  0
                                          3      0.564  9.758E-01  1.000E+00  2.478E-02
  5   1.776300   6.0  1             1                      (6+)  0
                                          3      0.840  9.892E-01  1.000E+00  1.089E-02
  6   2.033600   8.0  1             1                      (8+)  0
                                          5      0.257  8.158E-01  1.000E+00  2.257E-01
  7   2.114000   8.0  1             1                      (8+)  0
                                          4      0.613  9.797E-01  1.000E+00  2.067E-02
  8   2.300500   9.0  0             1                       (9)  0
                                          6      0.267  1.000E+00  1.000E+00  0.000E+00
  9   2.554100  -1.0  0             1                            0
                                          7      0.440  1.000E+00  1.000E+00  0.000E+00
 10   2.776200  -1.0  0             1                            0
                                          9      0.222  1.000E+00  1.000E+00  0.000E+00
201Rn  201   86    1    0    1    1    8.137000    2.373000
  1   0.000000   1.5 -1   7.00E+00  0                    (3/2-)  2 ?      0.0000 %EC+%B+ ?      0.0000 %A     
202Rn  202   86    1    0    1    1   10.230000    2.880000
  1   0.000000   0.0  1   1.00E+01  0                        0+  2 =     14.0000 %EC+%B+ =     86.0000 %A     
203Rn  203   86   19   18    1    1    7.957000    2.860000
  1   0.000000   1.5 -1   4.40E+01  0                    (3/2-)  2 =     34.0000 %EC+%B+ =     66.0000 %A     
  2   0.362000   6.5  1   2.69E+01  0                   (13/2+)  2 =     25.0000 %EC+%B+ =     75.0000 %A     
  3   0.860100   8.5  1             1                   (17/2+)  0
                                          2      0.498  9.653E-01  1.000E+00  3.592E-02
  4   1.444430  10.5  1             1                   (21/2+)  0
                                          3      0.584  9.776E-01  1.000E+00  2.296E-02
  5   1.495370  10.5  1             1                   (21/2+)  0
                                          3      0.635  9.812E-01  1.000E+00  1.919E-02
  6   1.938460  12.5  1             2                   (25/2+)  0
                                          5      0.443  5.156E-01  5.403E-01  4.787E-02
                                          4      0.494  4.434E-01  4.597E-01  3.664E-02
  7   2.054700  -1.0  0             1                            0
                                          6      0.116  1.000E+00  1.000E+00  0.000E+00
  8   2.097630  12.5  1             1                   (25/2+)  0
                                          4      0.653  9.822E-01  1.000E+00  1.810E-02
  9   2.192100  -1.0  0             1                            0
                                          7      0.137  1.000E+00  1.000E+00  0.000E+00
 10   2.249260  14.5  1             1                   (29/2+)  0
                                          6      0.311  8.880E-01  1.000E+00  1.262E-01
 11   2.425000  -1.0  0             1                            0
                                          9      0.233  1.000E+00  1.000E+00  0.000E+00
 12   2.512900  16.5  1             1                   (33/2+)  0
                                         10      0.264  8.272E-01  1.000E+00  2.089E-01
 13   2.770700  13.5  0             1                    (27/2)  0
                                          8      0.673  1.000E+00  1.000E+00  0.000E+00
 14   2.909100  -1.0  0             1                            0
                                          8      0.811  1.000E+00  1.000E+00  0.000E+00
 15   3.111400  18.5  1             1                   (37/2+)  0
                                         12      0.599  9.787E-01  1.000E+00  2.179E-02
 16   3.319300  -1.0  0             1                            0
                                         13      0.549  0.000E+00  0.000E+00  0.000E+00
 17   3.686300  20.5  1             1                   (41/2+)  0
                                         15      0.575  9.768E-01  1.000E+00  2.379E-02
 18   4.115600  -1.0  0             1                            0
                                         17      0.429  0.000E+00  0.000E+00  0.000E+00
 19   4.720800  -1.0  0             1                            0
                                         18      0.604  0.000E+00  0.000E+00  0.000E+00
204Rn  204   86   21   29    8    3    9.900001    3.080000
  1   0.000000   0.0  1   7.44E+01  0                        0+  2 =     27.0000 %EC+%B+ =     73.0000 %A     
  2   0.542900   2.0  1             1                        2+  0
                                          1      0.543  9.709E-01  1.000E+00  3.000E-02
  3   1.131400   4.0  1             1                        4+  0
                                          2      0.589  9.804E-01  1.000E+00  2.000E-02
  4   1.772600   6.0  1             1                      (6+)  0
                                          3      0.641  9.804E-01  1.000E+00  2.000E-02
  5   1.806300   6.0  1             1                      (6+)  0
                                          3      0.675  9.804E-01  1.000E+00  2.000E-02
  6   2.032800   8.0  1   5.00E-09  1                      (8+)  0
                                          4      0.260  8.197E-01  1.000E+00  2.200E-01
  7   2.105200   8.0  1             1                      (8+)  0
                                          5      0.299  8.772E-01  1.000E+00  1.400E-01
  8   2.219000   9.0 -1             2                      (9-)  0
                                          7      0.114  3.752E-01  5.028E-01  3.400E-01
                                          6      0.186  4.520E-01  4.972E-01  1.000E-01
  9   2.453100  -1.0  0             1                            0
                                          8      0.234  1.000E+00  1.000E+00  0.000E+00
 10   2.461300  10.0 -1   3.30E-08  2                     (10-)  0
                                          8      0.242  4.673E-01  1.000E+00  1.140E+00
                                          6      0.429  0.000E+00  0.000E+00  7.000E-01
 11   2.597100  11.0  0             1                      (11)  0
                                         10      0.136  8.130E-01  1.000E+00  2.300E-01
 12   2.636400  -1.0  0             1                            0
                                          6      0.604  1.000E+00  1.000E+00  0.000E+00
 13   2.884400  12.0  0             2                      (12)  0
                                         11      0.288  0.000E+00  0.000E+00  0.000E+00
                                         10      0.423  0.000E+00  0.000E+00  0.000E+00
 14   3.034900  12.0  0             2                      (12)  0
                                         11      0.438  0.000E+00  0.000E+00  0.000E+00
                                          9      0.582  9.709E-01  1.000E+00  3.000E-02
 15   3.165600  -1.0  0             1                            0
                                         11      0.568  1.000E+00  1.000E+00  0.000E+00
 16   3.305900  13.0  0             2                      (13)  0
                                         14      0.271  0.000E+00  0.000E+00  0.000E+00
                                         11      0.709  1.000E+00  1.000E+00  0.000E+00
 17   3.467800  -1.0  0             1                            0
                                         13      0.583  0.000E+00  0.000E+00  0.000E+00
 18   3.531800  14.0  0             3                      (14)  0
                                         16      0.226  0.000E+00  0.000E+00  0.000E+00
                                         15      0.366  0.000E+00  0.000E+00  0.000E+00
                                         14      0.497  0.000E+00  0.000E+00  0.000E+00
 19   3.983900  14.0  0             2                      (14)  0
                                         18      0.452  0.000E+00  0.000E+00  0.000E+00
                                         16      0.678  0.000E+00  0.000E+00  0.000E+00
 20   4.095900  15.0  0   1.00E-08  2                      (15)  0
                                         19      0.112  0.000E+00  0.000E+00  0.000E+00
                                         16      0.790  0.000E+00  0.000E+00  0.000E+00
 21   4.253800  -1.0  0             1                            0
                                         18      0.722  0.000E+00  0.000E+00  0.000E+00
205Rn  205   86    3    2    1    1    7.800000    3.130000
  1   0.000000   2.5 -1   1.70E+02  0                      5/2-  2 =     75.4000 %EC+%B+ =     24.6000 %A     
  2   0.387000  -1.0  0             1                            0
                                          1      0.387  1.000E+00  1.000E+00  0.000E+00
  3   0.633700  -1.0  0             1                            0
                                          1      0.634  1.000E+00  1.000E+00  0.000E+00
206Rn  206   86   19   21    1    2    9.480000    3.450000
  1   0.000000   0.0  1   3.40E+02  0                        0+  2 =     38.0000 %EC+%B+ =     62.0000 %A     
  2   0.575300   2.0  1             1                        2+  0
                                          1      0.575  9.750E-01  1.000E+00  2.560E-02
  3   1.134300   4.0  1             1                      (4)+  0
                                          2      0.559  9.733E-01  1.000E+00  2.740E-02
  4   1.501800   4.0  1             1                      (4+)  0
                                          2      0.927  9.911E-01  1.000E+00  8.999E-03
  5   1.762900   6.0  1   1.80E-09  1                      (6)+  0
                                          3      0.629  9.793E-01  1.000E+00  2.110E-02
  6   1.818300   6.0  1             1                      (6+)  0
                                          3      0.684  9.838E-01  1.000E+00  1.645E-02
  7   1.924300   8.0  1   1.35E-08  1                      (8)+  0
                                          5      0.161  4.587E-01  1.000E+00  1.180E+00
  8   2.024900  -1.0  0             1                            0
                                          3      0.891  1.000E+00  1.000E+00  0.000E+00
  9   2.174300  -1.0  0             1                            0
                                          6      0.356  1.000E+00  1.000E+00  0.000E+00
 10   2.206900  -1.0  0             1                  (7,8,9)+  0
                                          7      0.283  5.750E-01  1.000E+00  7.390E-01
 11   2.269900   9.0 -1             1                      (9-)  0
                                          7      0.346  9.762E-01  1.000E+00  2.433E-02
 12   2.475600  10.0 -1   6.50E-08  2                     (10-)  0
                                         11      0.206  0.000E+00  0.000E+00  4.819E-01
                                          7      0.551  0.000E+00  0.000E+00  3.112E-01
 13   2.534600  10.0  1             1                     (10+)  0
                                          7      0.610  9.795E-01  1.000E+00  2.090E-02
 14   2.585300  11.0  1             1                     (11+)  0
                                         12      0.110  7.264E-01  1.000E+00  3.766E-01
 15   2.834200  12.0  0             1                      (12)  0
                                         14      0.249  1.000E+00  1.000E+00  0.000E+00
 16   3.131500  12.0  1             1                     (12+)  0
                                         13      0.597  9.786E-01  1.000E+00  2.192E-02
 17   3.362000  13.0  1             2                     (13+)  0
                                         15      0.528  0.000E+00  0.000E+00  0.000E+00
                                         14      0.777  0.000E+00  0.000E+00  1.272E-02
 18   3.887500  14.0  0             1                      (14)  0
                                         17      0.525  1.000E+00  1.000E+00  0.000E+00
 19   4.130000  15.0  0   1.10E-08  2                      (15)  0
                                         18      0.242  0.000E+00  0.000E+00  0.000E+00
                                         17      0.768  0.000E+00  0.000E+00  0.000E+00
207Rn  207   86    5    2    1    1    7.560000    3.460000
  1   0.000000   2.5 -1   5.55E+02  0                      5/2-  2 =     79.0000 %EC+%B+ =     21.0000 %A     
  2   0.130000   1.5 -1             0                    (3/2-)  0
  3   0.160000   0.5 -1             0                    (1/2-)  0
  4   0.665100   4.5 -1             1                    (9/2-)  0
                                          1      0.665  9.816E-01  1.000E+00  1.870E-02
  5   0.899000   6.5  1   1.81E-04  1                   (13/2+)  1 =    100.0000 %IT    
                                          4      0.234  1.629E-01  1.000E+00  5.140E+00
208Rn  208   86   43   55   24    4    9.088000    3.694000
  1   0.000000   0.0  1   1.46E+03  0 u                      0+  2 =     38.0000 %EC+%B+ =     62.0000 %A     
  2   0.635800   2.0  1             1 u                      2+  0
                                          1      0.636  9.798E-01  1.000E+00  2.060E-02
  3   1.188900   4.0  1             1 u                      4+  0
                                          2      0.553  9.728E-01  1.000E+00  2.800E-02
  4   1.414300   4.0  1             2 u                      4+  0
                                          3      0.226  2.153E-02  5.124E-02  1.380E+00
                                          2      0.779  9.361E-01  9.488E-01  1.350E-02
  5   1.578000   4.0  1             2 c                (4,5,6)+  0
                                          4      0.164  2.242E-01  7.399E-01  2.300E+00
                                          3      0.389  2.437E-01  2.601E-01  6.700E-02
  6   1.658600   4.0  1             1 c                   4+,5+  0
                                          3      0.470  8.425E-01  1.000E+00  1.870E-01
  7   1.739600   6.0  1             3 u                      6+  0
                                          6      0.081  5.990E-03  1.390E-01  2.221E+01
                                          5      0.162  3.594E-02  1.222E-01  2.400E+00
                                          4      0.325  6.656E-01  7.388E-01  1.100E-01
  8   1.825200   6.0  1             1 u                      6+  0
                                          3      0.636  9.799E-01  1.000E+00  2.050E-02
  9   1.828300   8.0  1   4.87E-07  1 u                      8+  0
                                          7      0.089  6.536E-02  1.000E+00  1.430E+01
 10   1.905700   6.0  1             1 u                      6+  0
                                          3      0.717  9.853E-01  1.000E+00  1.494E-02
 11   2.128800   7.0  1             1 c                   6+,7+  0
                                          7      0.389  7.645E-01  1.000E+00  3.080E-01
 12   2.163300   7.0  1             1 c                   7+,8+  0
                                          9      0.335  6.831E-01  1.000E+00  4.640E-01
 13   2.163400  10.0  1             1 u                     10+  0
                                          9      0.335  9.079E-01  1.000E+00  1.014E-01
 14   2.179000   6.0  1             1 c                 (5-,6+)  0
                                          3      0.990  9.921E-01  1.000E+00  7.922E-03
 15   2.319400   9.0 -1             1 u                      9-  0
                                          9      0.491  9.886E-01  1.000E+00  1.150E-02
 16   2.320300   8.0  1             1 c                6+,7+,8+  0
                                          9      0.492  9.643E-01  1.000E+00  3.700E-02
 17   2.330300   7.0  1             1 c               (5-,6,7+)  0
                                          6      0.672  7.363E-01  1.000E+00  3.581E-01
 18   2.356800   5.0 -1             1 c                 (5-,6+)  0
                                          4      0.943  9.969E-01  1.000E+00  3.140E-03
 19   2.459100   6.0  1             1 c                6+,7+,8+  0
                                          7      0.720  9.844E-01  1.000E+00  1.580E-02
 20   2.465100  10.0  1             1 u                     10+  0
                                          9      0.637  9.799E-01  1.000E+00  2.050E-02
 21   2.546000   7.0  1             1 c                  (6,7+)  0
                                          6      0.887  8.702E-01  1.000E+00  1.492E-01
 22   2.618100  10.0 -1   1.18E-08  3 u                     10-  0
                                         20      0.153  2.637E-02  3.078E-02  1.670E-01
                                         15      0.299  1.312E-01  2.145E-01  6.350E-01
                                          9      0.790  6.763E-01  7.547E-01  1.160E-01
 23   2.619000   7.0  1             1 c                6+,7+,8+  0
                                         16      0.299  7.194E-01  1.000E+00  3.900E-01
 24   2.621200  11.0 -1   3.50E-09  2 u                     11-  0
                                         22      0.003  0.000E+00  0.000E+00  0.000E+00
                                         20      0.156  0.000E+00  0.000E+00  1.590E-01
 25   2.797400  12.0  1             2 u                     12+  0
                                         20      0.332  4.614E-01  5.094E-01  1.040E-01
                                         13      0.634  4.806E-01  4.906E-01  2.070E-02
 26   2.935200  13.0  0             1 u                      13  0
                                         25      0.138  1.000E+00  1.000E+00  0.000E+00
 27   2.954500  13.0  0             1 u                      13  0
                                         25      0.157  1.000E+00  1.000E+00  0.000E+00
 28   3.080800  14.0  0             1 u                      14  0
                                         26      0.146  1.000E+00  1.000E+00  0.000E+00
 29   3.110800  12.0  1             1 u                     12+  0
                                         20      0.646  9.805E-01  1.000E+00  1.990E-02
 30   3.198300  12.0 -1             1 u                     12-  0
                                         24      0.577  9.116E-01  1.000E+00  9.700E-02
 31   3.389300  13.0 -1             2 u                     13-  0
                                         30      0.191  1.027E-01  1.672E-01  6.287E-01
                                         24      0.768  8.214E-01  8.328E-01  1.390E-02
 32   3.413100  15.0  0             1 u                    (15)  0
                                         28      0.332  6.784E-01  1.000E+00  4.740E-01
 33   3.469000  14.0  1   3.50E-09  1 u                     14+  0
                                         29      0.358  9.225E-01  1.000E+00  8.400E-02
 34   3.520700  13.0 -1             2 u                     13-  0
                                         30      0.322  4.249E-01  6.438E-01  5.150E-01
                                         24      0.900  3.527E-01  3.562E-01  1.010E-02
 35   3.779100  14.0 -1             2 u                     14-  0
                                         34      0.258  3.477E-01  6.771E-01  9.470E-01
                                         31      0.390  2.469E-01  3.229E-01  3.080E-01
 36   3.851700  16.0  0             1 u                      16  0
                                         32      0.439  1.000E+00  1.000E+00  0.000E+00
 37   3.925200  15.0 -1             3 u                     15-  0
                                         35      0.146  8.561E-02  4.863E-01  4.680E+00
                                         33      0.456  2.169E-01  2.198E-01  1.337E-02
                                         31      0.536  2.854E-01  2.940E-01  3.020E-02
 38   4.066400  16.0 -1   1.83E-08  1 u                     16-  0
                                         37      0.141  1.621E-01  1.000E+00  5.170E+00
 39   4.524601  16.0  1             1 u                   16(+)  0
                                         35      0.746  8.854E-01  1.000E+00  1.295E-01
 40   4.832600  18.0 -1             1 u                     18-  0
                                         38      0.766  9.863E-01  1.000E+00  1.390E-02
 41   5.178300  19.0 -1             1 u                     19-  0
                                         40      0.346  7.013E-01  1.000E+00  4.260E-01
 42   5.377000  19.0  0             1 u                      19  0
                                         40      0.544  1.000E+00  1.000E+00  0.000E+00
 43   5.930600  21.0 -1             1 u                   21(-)  0
                                         41      0.752  9.866E-01  1.000E+00  1.355E-02
209Rn  209   86   34   43   10    2    7.370000    3.700000
  1   0.000000   2.5 -1   1.71E+03  0                      5/2-  0
  2   0.110100   0.5 -1             1                      1/2-  0
                                          1      0.110  1.509E-01  1.000E+00  5.627E+00
  3   0.214700   1.5 -1             2                    (3/2-)  0
                                          2      0.105  4.855E-02  6.417E-01  1.222E+01
                                          1      0.215  1.387E-01  3.583E-01  1.583E+00
  4   0.327000  -1.0  0             0                            0
  5   0.797800   4.5 -1   1.40E-09  1                      9/2-  0
                                          1      0.798  9.874E-01  1.000E+00  1.280E-02
  6   1.173980   6.5  1   1.34E-05  1                     13/2+  0
                                          5      0.376  4.831E-01  1.000E+00  1.070E+00
  7   1.465530   6.5 -1   1.40E-09  1                   (13/2-)  0
                                          5      0.668  9.818E-01  1.000E+00  1.850E-02
  8   1.561550   7.5 -1   1.40E-09  2                   (15/2-)  0
                                          7      0.096  1.821E-01  7.738E-01  3.250E+00
                                          6      0.388  2.220E-01  2.262E-01  1.890E-02
  9   1.610670   8.5 -1   1.40E-09  1                   (17/2-)  0
                                          8      0.049  4.219E-02  1.000E+00  2.270E+01
 10   1.687410   9.5 -1   6.90E-10  1                   (19/2-)  0
                                          9      0.077  1.418E-01  1.000E+00  6.050E+00
 11   2.238160  10.5 -1   1.40E-09  2                   (21/2-)  0
                                         10      0.551  7.523E-01  8.312E-01  1.050E-01
                                          9      0.627  1.655E-01  1.688E-01  1.971E-02
 12   2.418710  10.5  1   8.73E-09  1                   (21/2+)  0
                                         10      0.731  9.948E-01  1.000E+00  5.240E-03
 13   2.501290  11.5 -1   1.40E-09  1                   (23/2-)  0
                                         10      0.814  9.878E-01  1.000E+00  1.230E-02
 14   2.744150  11.5  1   1.40E-09  1                   (23/2+)  0
                                         12      0.325  7.246E-01  1.000E+00  3.800E-01
 15   2.848480  12.5 -1   1.40E-09  2                   (25/2-)  0
                                         13      0.347  2.363E-01  3.096E-01  3.100E-01
                                         11      0.610  6.752E-01  6.904E-01  2.250E-02
 16   2.864600  -1.0  0   1.40E-09  1                            0
                                         12      0.446  1.000E+00  1.000E+00  0.000E+00
 17   2.957580  13.5 -1   1.40E-09  2                   (27/2-)  0
                                         15      0.109  7.596E-02  7.596E-01  9.000E+00
                                         13      0.456  2.302E-01  2.404E-01  4.450E-02
 18   3.049900  -1.0  0   1.40E-09  1                            0
                                         16      0.185  1.000E+00  1.000E+00  0.000E+00
 19   3.157480  14.5 -1   1.39E-08  1                   (29/2-)  0
                                         17      0.200  5.263E-01  1.000E+00  9.000E-01
 20   3.400600  -1.0  0   1.40E-09  1                            0
                                         14      0.656  1.000E+00  1.000E+00  0.000E+00
 21   3.539900  13.5  1   1.40E-09  4                   (27/2+)  0
                                         20      0.139  1.830E-01  1.830E-01  0.000E+00
                                         19      0.382  2.577E-01  2.627E-01  1.952E-02
                                         18      0.491  2.577E-01  2.577E-01  0.000E+00
                                         14      0.796  2.928E-01  2.966E-01  1.290E-02
 22   3.636780  17.5  1   3.00E-06  1                   (35/2+)  0
                                         19      0.479  8.741E-01  1.000E+00  1.440E-01
 23   3.671500  14.5  1   1.40E-09  1                   (29/2+)  0
                                         21      0.132  1.366E-01  1.000E+00  6.320E+00
 24   3.987000  15.5  1   1.40E-09  1                   (31/2+)  0
                                         23      0.316  6.494E-01  1.000E+00  5.400E-01
 25   4.182400  16.5  1   1.40E-09  1                   (33/2+)  0
                                         24      0.195  3.846E-01  1.000E+00  1.600E+00
 26   4.583601  17.5  1   1.40E-09  2                   (35/2+)  0
                                         25      0.401  5.571E-01  7.153E-01  2.840E-01
                                         24      0.596  2.786E-01  2.847E-01  2.198E-02
 27   4.833701  20.5 -1   1.00E-08  1                   (41/2-)  0
                                         22      1.197  9.871E-01  1.000E+00  1.310E-02
 28   4.988000  18.5  1   1.40E-09  2                   (37/2+)  0
                                         26      0.404  5.432E-01  6.944E-01  2.784E-01
                                         25      0.805  3.020E-01  3.056E-01  1.184E-02
 29   5.216900  20.5  1   1.40E-09  1                   (41/2+)  0
                                         27      0.383  9.810E-01  1.000E+00  1.939E-02
 30   5.819800  21.5  1   1.40E-09  2                   (43/2+)  0
                                         29      0.603  4.570E-01  4.844E-01  6.000E-02
                                         27      0.986  5.140E-01  5.156E-01  3.030E-03
 31   6.538000  23.5  1   1.40E-09  1                   (47/2+)  0
                                         30      0.718  9.843E-01  1.000E+00  1.590E-02
 32   6.772100  24.5  1   1.40E-09  1                   (49/2+)  0
                                         31      0.234  4.454E-01  1.000E+00  1.245E+00
 33   6.826100  24.5  1   1.40E-09  1                   (49/2+)  0
                                         31      0.288  5.878E-01  1.000E+00  7.012E-01
 34   7.307701  25.5  0   1.40E-09  1                    (51/2)  0
                                         33      0.482  1.000E+00  1.000E+00  0.000E+00
210Rn  210   86    5    5    1    2    8.720000    4.009000
  1   0.000000   0.0  1   8.64E+03  0                        0+  2 =      4.0000 %EC+%B+ =     96.0000 %A     
  2   0.643800   2.0  1             1                        2+  0
                                          1      0.644  9.804E-01  1.000E+00  2.000E-02
  3   1.461400   4.0  1             1                      (4)+  0
                                          2      0.818  9.879E-01  1.000E+00  1.220E-02
  4   1.545100   4.0  1             1                      (4)+  0
                                          2      0.901  9.900E-01  1.000E+00  1.010E-02
  5   1.664600   6.0  1   7.60E-09  2                      (6)+  0
                                          4      0.120  3.825E-02  1.897E-01  3.960E+00
                                          3      0.203  5.387E-01  8.103E-01  5.040E-01
211Rn  211   86    9    8    1    2    7.229001    4.073000
  1   0.000000   0.5 -1   5.26E+04  0                      1/2-  2 =     72.6000 %EC     =     27.4000 %A     
  2   0.539900   2.5 -1   4.00E-09  1                      5/2-  0
                                          1      0.540  9.713E-01  1.000E+00  2.960E-02
  3   0.833000   1.5 -1             0                    (3/2-)  0
  4   1.458200   4.5 -1             1                      9/2-  0
                                          2      0.918  9.904E-01  1.000E+00  9.700E-03
  5   1.577800   6.5 -1             1                     13/2-  0
                                          4      0.120  2.016E-01  1.000E+00  3.960E+00
  6   1.739000   5.5 -1             1                   (11/2-)  0
                                          4      0.281  5.711E-01  1.000E+00  7.511E-01
  7   1.960000  -1.0  0             1                            0
                                          6      0.221  1.000E+00  1.000E+00  0.000E+00
  8   2.179000   4.5  1             1                    (9/2+)  0
                                          6      0.440  9.858E-01  1.000E+00  1.443E-02
  9   2.722000   5.5  1             2                   (11/2+)  0
                                          7      0.763  1.995E-01  1.995E-01  0.000E+00
                                          6      0.983  7.981E-01  8.005E-01  2.911E-03
212Rn  212   86   28   40   12    3    7.975000    4.301000
  1   0.000000   0.0  1   1.43E+03  0 u                      0+  1 =    100.0000 %A     
  2   1.273800   2.0  1             1 u                      2+  0
                                          1      1.274  9.948E-01  1.000E+00  5.200E-03
  3   1.501500   4.0  1   8.80E-09  1 u                      4+  0
                                          2      0.228  7.468E-01  1.000E+00  3.390E-01
  4   1.639800   6.0  1   1.18E-07  1 u                    (6)+  0
                                          3      0.138  3.145E-01  1.000E+00  2.180E+00
  5   1.694000   8.0  1   9.10E-07  1 u                    (8+)  0
                                          4      0.054  6.494E-03  1.000E+00  1.530E+02
  6   2.116000   8.0  1             1 u                    (8+)  0
                                          5      0.422  8.013E-01  1.000E+00  2.480E-01
  7   2.171900   5.0  1             1 g                          0
                                          3      0.670  9.831E-01  1.000E+00  1.714E-02
  8   2.306300   2.0 -1             1 g                          0
                                          3      0.805  9.055E-01  1.000E+00  1.043E-01
  9   2.655000  10.0  1             1 u                   (10+)  0
                                          5      0.961  9.912E-01  1.000E+00  8.880E-03
 10   2.687100   6.0 -1             2 g                          0
                                          4      1.047  3.338E-01  3.347E-01  2.601E-03
                                          3      1.186  6.419E-01  6.653E-01  3.654E-02
 11   2.696100   6.0 -1             1 g                          0
                                          5      1.002  9.459E-01  1.000E+00  5.715E-02
 12   2.760700  11.0 -1   5.50E-09  2 u                   (11-)  0
                                          9      0.106  2.927E-01  7.024E-01  1.400E+00
                                          5      1.067  2.927E-01  2.976E-01  1.690E-02
 13   2.881400  12.0  1   2.10E-09  2 u                   (12+)  0
                                         12      0.121  5.902E-03  7.673E-03  3.000E-01
                                          9      0.226  7.378E-01  9.923E-01  3.450E-01
 14   2.967300  -1.0  0             1                            0
                                         12      0.207  1.000E+00  1.000E+00  0.000E+00
 15   3.297800  12.0  1             2 u                   (12+)  0
                                         13      0.416  5.340E-01  6.713E-01  2.570E-01
                                         12      0.537  3.258E-01  3.287E-01  9.149E-03
 16   3.357600  14.0  1   7.40E-09  2 u                   (14+)  0
                                         15      0.060  0.000E+00  0.000E+00  9.500E+01
                                         13      0.476  9.615E-01  1.000E+00  4.000E-02
 17   3.510300  -1.0  0             1                            0
                                         13      0.629  1.000E+00  1.000E+00  0.000E+00
 18   3.735100  -1.0  0             1                            0
                                         12      0.974  1.000E+00  1.000E+00  0.000E+00
 19   3.991100  15.0 -1             1 u                   (15-)  0
                                         16      0.634  9.931E-01  1.000E+00  6.910E-03
 20   3.998100  -1.0  0             1                            0
                                         16      0.641  1.000E+00  1.000E+00  0.000E+00
 21   4.066800  17.0 -1   2.89E-08  2 u                   (17-)  0
                                         19      0.076  2.859E-02  9.036E-01  3.060E+01
                                         16      0.709  9.224E-02  9.643E-02  4.550E-02
 22   4.135100  16.0 -1             2 u                   (16-)  0
                                         21      0.068  1.970E-02  1.000E+00  4.976E+01
                                         19      0.143  0.000E+00  0.000E+00  1.895E+00
 23   4.151300  -1.0  0             1                            0
                                         16      0.794  1.000E+00  1.000E+00  0.000E+00
 24   4.582700  17.0 -1             2 u                   (17-)  0
                                         22      0.448  2.462E-01  2.577E-01  4.672E-02
                                         21      0.516  6.478E-01  7.423E-01  1.460E-01
 25   5.114600  18.0 -1             3 u                   (18-)  0
                                         24      0.532  4.450E-01  5.046E-01  1.340E-01
                                         22      0.980  5.785E-02  5.831E-02  8.085E-03
                                         21      1.048  4.316E-01  4.371E-01  1.270E-02
 26   5.427200  20.0  1   5.20E-09  2 u                   (20+)  0
                                         24      0.845  2.445E-01  2.517E-01  2.920E-02
                                         21      1.360  7.409E-01  7.483E-01  9.990E-03
 27   5.772400  19.0 -1             2 u                   (19-)  0
                                         26      0.345  7.700E-02  7.887E-02  2.440E-02
                                         25      0.658  8.555E-01  9.211E-01  7.670E-02
 28   6.167400  20.0  1             2 u                   (20+)  0
                                         27      0.395  9.821E-01  1.000E+00  1.820E-02
                                         26      0.742  0.000E+00  0.000E+00  1.394E-02
213Rn  213   86   20   28   19    1    5.110000    4.366000
  1   0.000000   4.5  1   1.95E-02  0 u                  (9/2+)  1 =    100.0000 %A     
  2   0.705000   5.5  1             1 u                 (11/2+)  0
                                          1      0.705  9.430E-01  1.000E+00  6.040E-02
  3   0.896100   7.5 -1   2.60E-08  2 u                 (15/2-)  0
                                          2      0.191  4.100E-03  4.493E-02  9.960E+00
                                          1      0.896  9.318E-01  9.551E-01  2.500E-02
  4   1.259600   6.5  1             1 u                 (13/2+)  0
                                          1      1.260  9.950E-01  1.000E+00  5.041E-03
  5   1.529000   8.5  1             2 u                 (17/2+)  0
                                          4      0.269  1.560E-02  1.859E-02  1.920E-01
                                          3      0.633  9.747E-01  9.814E-01  6.880E-03
  6   1.574100   4.5 -1             1 g                          0
                                          4      0.315  3.431E-01  1.000E+00  1.914E+00
  7   1.612400   5.5  1             2 g                          0
                                          4      0.353  2.343E-01  3.287E-01  4.029E-01
                                          2      0.907  6.508E-01  6.713E-01  3.162E-02
  8   1.664000  10.5  1   2.90E-08  2 u                 (21/2+)  0
                                          5      0.135  2.952E-01  9.890E-01  2.350E+00
                                          3      0.768  1.063E-02  1.102E-02  3.650E-02
  9   1.703500   9.5 -1             1 g                          0
                                          8      0.040  0.000E+00  0.000E+00  1.195E+00
 10   1.745900  10.5  1             2 g                          0
                                          8      0.082  0.000E+00  0.000E+00  4.808E+00
                                          5      0.217  7.141E-01  1.000E+00  4.004E-01
 11   1.788700   8.5 -1             1 g                          0
                                          5      0.260  9.554E-01  1.000E+00  4.672E-02
 12   1.879400   4.5  1             1 g                          0
                                          2      1.174  9.840E-01  1.000E+00  1.626E-02
 13   1.936900  12.5  1             2 g                          0
                                          9      0.233  2.660E-01  9.400E-01  2.533E+00
                                          8      0.273  5.055E-02  6.001E-02  1.872E-01
 14   2.007400  10.5 -1             3 g                          0
                                         11      0.219  9.112E-02  1.266E-01  3.891E-01
                                         10      0.262  9.112E-02  9.531E-02  4.598E-02
                                          8      0.343  7.594E-01  7.781E-01  2.468E-02
 15   2.072800   7.5 -1             2 g                          0
                                          5      0.544  1.055E-01  1.065E-01  8.927E-03
                                          3      1.177  8.793E-01  8.935E-01  1.617E-02
 16   2.184300   9.5 -1             1 g                          0
                                          8      0.520  9.903E-01  1.000E+00  9.756E-03
 17   2.227500  10.5 -1             1 g                          0
                                          8      0.564  9.918E-01  1.000E+00  8.310E-03
 18   2.257500   8.5  1             1 g                          0
                                         15      0.185  9.047E-01  1.000E+00  1.053E-01
 19   2.327100  12.5 -1             1 g                          0
                                         13      0.390  9.817E-01  1.000E+00  1.865E-02
 20   2.610700  -1.0  0             1                            0
                                         17      0.383  1.000E+00  1.000E+00  0.000E+00
214Rn  214   86   49   58   20    3    6.695000    5.031000
  1   0.000000   0.0  1   2.70E-07  0 u                      0+  1 =    100.0000 %A     
  2   0.694700   2.0  1   1.40E-09  1 u                      2+  0
                                          1      0.695  0.000E+00  0.000E+00  1.700E-02
  3   1.141200   4.0  1   1.40E-09  1 u                      4+  0
                                          2      0.447  0.000E+00  0.000E+00  4.690E-02
  4   1.331700   3.0 -1             1 g                          0
                                          2      0.637  0.000E+00  0.000E+00  6.529E-03
  5   1.442700   6.0  1   6.90E-10  1 u                      6+  2 LT     0.0000 %A      LT   100.0000 %IT    
                                          3      0.302  0.000E+00  0.000E+00  1.380E-01
  6   1.625100   8.0  1   6.50E-09  1 u                      8+  2 AP    10.0000 %A      AP    90.0000 %IT    
                                          5      0.182  0.000E+00  0.000E+00  7.450E-01
  7   1.800500   4.0  1             1 g                          0
                                          4      0.469  0.000E+00  0.000E+00  1.263E-02
  8   1.928000  10.0  1   9.00E-10  1 u                     10+  0
                                          6      0.303  0.000E+00  0.000E+00  1.360E-01
  9   1.944900   9.0  1             1 g                          0
                                          6      0.320  0.000E+00  0.000E+00  1.160E-01
 10   2.028200   9.0 -1             1 g                          0
                                          6      0.403  0.000E+00  0.000E+00  1.738E-02
 11   2.099700  10.0 -1             1 g                          0
                                          9      0.155  0.000E+00  0.000E+00  1.624E-01
 12   2.208600   4.0 -1             1 g                          0
                                          5      0.766  0.000E+00  0.000E+00  1.199E-01
 13   2.320500  10.0 -1             1 g                          0
                                         10      0.292  0.000E+00  0.000E+00  1.515E-01
 14   2.377100  10.0  1             2 g                          0
                                          8      0.449  3.656E-01  3.825E-01  4.628E-02
                                          6      0.752  6.093E-01  6.175E-01  1.357E-02
 15   2.394700  11.0 -1             1 u                     11-  0
                                          8      0.467  0.000E+00  0.000E+00  3.100E-02
 16   2.504800   8.0 -1             1 g                          0
                                         12      0.296  0.000E+00  0.000E+00  5.171E+00
 17   2.557100  10.0  1             1 g                          0
                                          8      0.629  0.000E+00  0.000E+00  1.959E-02
 18   2.648700  11.0 -1             1 c                (11,12)-  0
                                         15      0.254  0.000E+00  0.000E+00  9.930E-01
 19   2.668200  10.0  1             1 g                          0
                                          9      0.723  0.000E+00  0.000E+00  1.467E-02
 20   2.676200  13.0 -1   3.70E-09  2 u                     13-  0
                                         15      0.282  8.171E-01  9.560E-01  1.700E-01
                                          8      0.748  4.249E-02  4.398E-02  3.515E-02
 21   2.682200  -1.0  0             2                            0
                                         14      0.305  4.286E-01  4.286E-01  0.000E+00
                                          8      0.754  5.714E-01  5.714E-01  0.000E+00
 22   2.689100  -1.0  0             1                            0
                                          9      0.744  0.000E+00  0.000E+00  0.000E+00
 23   2.878200  12.0  1             4 u                     12+  0
                                         20      0.202  3.079E-02  3.339E-02  8.457E-02
                                         18      0.230  1.679E-02  1.784E-02  6.237E-02
                                         15      0.483  7.277E-03  7.363E-03  1.186E-02
                                          8      0.950  9.329E-01  9.414E-01  9.080E-03
 24   2.917100  -1.0  0             1                            0
                                         15      0.522  0.000E+00  0.000E+00  0.000E+00
 25   3.148100  14.0  1             2 u                     14+  0
                                         23      0.270  2.141E-01  2.555E-01  1.938E-01
                                         20      0.472  7.306E-01  7.445E-01  1.900E-02
 26   3.268700  14.0  1             1 u                   (14+)  0
                                         25      0.121  0.000E+00  0.000E+00  3.821E+00
 27   3.327900  16.0  1   5.10E-09  2 u                     16+  0
                                         26      0.059  0.000E+00  0.000E+00  1.014E+02
                                         25      0.180  5.602E-01  1.000E+00  7.850E-01
 28   3.465400  -1.0  0             1                            0
                                         25      0.317  0.000E+00  0.000E+00  0.000E+00
 29   3.490100  18.0  1   4.40E-08  1 u                     18+  0
                                         27      0.162  0.000E+00  0.000E+00  1.160E+00
 30   3.540100  -1.0  0             1                            0
                                         27      0.212  0.000E+00  0.000E+00  0.000E+00
 31   3.578700  18.0 -1             1 u                   (18-)  0
                                         29      0.089  0.000E+00  0.000E+00  1.451E-01
 32   3.610400  16.0  1             2 u                   (16+)  0
                                         25      0.462  7.584E-01  7.910E-01  4.306E-02
                                         20      0.934  2.048E-01  2.090E-01  2.067E-02
 33   3.745900  19.0 -1   2.40E-09  2 u                     19-  0
                                         31      0.167  5.400E-02  1.674E-01  2.100E+00
                                         29      0.256  7.942E-01  8.326E-01  4.840E-02
 34   3.753300  -1.0  0             1                            0
                                         27      0.425  0.000E+00  0.000E+00  0.000E+00
 35   3.791200  -1.0  0             1                            0
                                         33      0.045  0.000E+00  0.000E+00  0.000E+00
 36   3.827600  20.0 -1             1 u                   (20-)  0
                                         33      0.082  0.000E+00  0.000E+00  2.132E+01
 37   3.907200  -1.0  0             1                            0
                                         29      0.417  0.000E+00  0.000E+00  0.000E+00
 38   3.940900  -1.0  0             1                            0
                                         28      0.476  0.000E+00  0.000E+00  0.000E+00
 39   4.064200  -1.0  0             1                            0
                                         33      0.318  0.000E+00  0.000E+00  0.000E+00
 40   4.220500  -1.0  0             1                            0
                                         33      0.475  0.000E+00  0.000E+00  0.000E+00
 41   4.250200  -1.0  0             1                            0
                                         36      0.423  0.000E+00  0.000E+00  0.000E+00
 42   4.262200  -1.0  0             1                            0
                                         37      0.355  0.000E+00  0.000E+00  0.000E+00
 43   4.517500  -1.0  0             1                            0
                                         35      0.726  0.000E+00  0.000E+00  0.000E+00
 44   4.554800  -1.0  0             1                            0
                                         33      0.809  0.000E+00  0.000E+00  0.000E+00
 45   4.595400  22.0  1   2.45E-07  1 u                   (22+)  0
                                         36      0.768  0.000E+00  0.000E+00  1.260E-01
 46   4.750800  -1.0  0             1                            0
                                         45      0.155  0.000E+00  0.000E+00  0.000E+00
 47   4.858800  -1.0  0             1                            0
                                         43      0.341  0.000E+00  0.000E+00  0.000E+00
 48   4.977600  -1.0  0   8.00E-09  1                            0
                                         46      0.227  0.000E+00  0.000E+00  3.430E-01
 49   5.051000  -1.0  0   4.00E-09  1                            0
                                         46      0.300  0.000E+00  0.000E+00  0.000E+00
215Rn  215   86    5    6    1    1    4.920000    5.079000
  1   0.000000   4.5  1   2.30E-06  0                      9/2+  1 =    100.0000 %A     
  2   0.214100  -1.0  0             1                (7/2,9/2)+  0
                                          1      0.214  0.000E+00  0.000E+00  0.000E+00
  3   0.290800  -1.0  0             1           (7/2,9/2,11/2)-  0
                                          1      0.291  0.000E+00  0.000E+00  3.600E-02
  4   0.315820   3.5  1             1                    (7/2)+  0
                                          1      0.316  0.000E+00  0.000E+00  5.451E-01
  5   0.805700   3.5  1             3                    (7/2)+  0
                                          4      0.489  0.000E+00  0.000E+00  1.675E-01
                                          2      0.592  0.000E+00  0.000E+00  0.000E+00
                                          1      0.805  0.000E+00  0.000E+00  4.309E-02
216Rn  216   86   21   27    9    5    6.647000    5.778000
  1   0.000000   0.0  1   4.50E-05  0                        0+  1 =    100.0000 %A     
  2   0.461400   2.0  1             1                        2+  0
                                          1      0.461  9.590E-01  1.000E+00  4.270E-02
  3   0.840500   4.0  1             1                        4+  0
                                          2      0.379  9.338E-01  1.000E+00  7.090E-02
  4   1.225900   6.0  1             1                        6+  0
                                          3      0.385  9.365E-01  1.000E+00  6.780E-02
  5   1.645000   8.0  1             1                        8+  0
                                          4      0.419  9.484E-01  1.000E+00  5.440E-02
  6   1.785700  -1.0  0             1                            0
                                          4      0.560  1.000E+00  1.000E+00  0.000E+00
  7   1.837500  -1.0  0             1               (8+,9+,10+)  0
                                          5      0.193  6.250E-01  1.000E+00  6.000E-01
  8   1.932000  -1.0  0             1                            0
                                          5      0.287  1.000E+00  1.000E+00  0.000E+00
  9   1.939700  10.0  1             2                       10+  0
                                          7      0.102  3.438E-02  2.964E-01  7.620E+00
                                          5      0.295  6.140E-01  7.036E-01  1.460E-01
 10   2.342500  -1.0  0             1                            0
                                          8      0.411  1.000E+00  1.000E+00  0.000E+00
 11   2.405600  12.0  1             1                       12+  0
                                          9      0.466  9.600E-01  1.000E+00  4.170E-02
 12   2.598300  13.0 -1             1                       13-  0
                                         11      0.193  9.140E-01  1.000E+00  9.410E-02
 13   2.826100  14.0  1             2                       14+  0
                                         12      0.228  1.486E-01  1.580E-01  6.300E-02
                                         11      0.421  7.989E-01  8.420E-01  5.400E-02
 14   2.965400  -1.0  0             1                            0
                                         10      0.623  1.000E+00  1.000E+00  0.000E+00
 15   3.072100  15.0 -1             2                       15-  0
                                         13      0.246  4.005E-01  4.215E-01  5.260E-02
                                         12      0.474  5.562E-01  5.785E-01  4.000E-02
 16   3.238300  16.0  1             2                       16+  0
                                         15      0.166  6.405E-02  7.270E-02  1.350E-01
                                         13      0.412  8.775E-01  9.273E-01  5.680E-02
 17   3.469400  17.0 -1             2                       17-  0
                                         16      0.231  4.538E-01  4.815E-01  6.090E-02
                                         15      0.397  4.880E-01  5.185E-01  6.250E-02
 18   3.572400  18.0  1             1                       18+  0
                                         16      0.334  9.083E-01  1.000E+00  1.010E-01
 19   3.779700  19.0 -1             2                       19-  0
                                         18      0.208  1.364E-01  1.472E-01  7.880E-02
                                         17      0.311  7.580E-01  8.528E-01  1.250E-01
 20   4.071800  -1.0  0             2                            0
                                         19      0.293  5.729E-01  5.729E-01  0.000E+00
                                         18      0.499  4.125E-01  4.271E-01  3.540E-02
 21   4.299700  -1.0  0             1                            0
                                         19      0.520  1.000E+00  1.000E+00  0.000E+00
217Rn  217   86   12   21    1    1    4.665000    5.886000
  1   0.000000   4.5  1   5.40E-04  0                      9/2+  1 =    100.0000 %A     
  2   0.088900  -1.0  0   1.50E-09  1                            0
                                          1      0.089  0.000E+00  0.000E+00  0.000E+00
  3   0.093020   3.5  1   4.00E-09  2                      7/2+  0
                                          2      0.004  0.000E+00  0.000E+00  0.000E+00
                                          1      0.093  0.000E+00  0.000E+00  1.150E+01
  4   0.149180   2.5  1   1.50E-09  2                      5/2+  0
                                          3      0.056  8.340E-03  1.293E-01  1.451E+01
                                          1      0.149  3.336E-01  8.707E-01  1.610E+00
  5   0.174300  -1.0  0   1.50E-09  2           (7/2,9/2,11/2)+  0
                                          2      0.085  2.281E-03  2.281E-03  0.000E+00
                                          1      0.174  2.591E-01  9.977E-01  2.850E+00
  6   0.235200   1.5  1             1                    (3/2+)  0
                                          4      0.086  0.000E+00  0.000E+00  4.173E+00
  7   0.295000  -1.0  0             0                            0
  8   0.375000   1.5  1             2                    (3/2+)  0
                                          6      0.140  5.508E-02  3.450E-01  5.265E+00
                                          4      0.226  2.754E-01  6.550E-01  1.378E+00
  9   0.382200   3.5  0             4                     (7/2)  0
                                          5      0.208  3.333E-01  3.333E-01  0.000E+00
                                          4      0.233  1.124E-01  1.124E-01  0.000E+00
                                          3      0.289  3.876E-01  3.876E-01  0.000E+00
                                          1      0.382  1.667E-01  1.667E-01  0.000E+00
 10   0.474500  -1.0  0             1            (7/2,9/2,11/2)  0
                                          1      0.475  0.000E+00  0.000E+00  0.000E+00
 11   0.569600  -1.0  0             3                 (5/2,7/2)  0
                                          5      0.395  2.150E-01  2.150E-01  0.000E+00
                                          4      0.421  5.000E-01  5.000E-01  0.000E+00
                                          3      0.477  2.850E-01  2.850E-01  0.000E+00
 12   0.618900  -1.0  0             3                 (5/2,7/2)  0
                                          5      0.444  4.000E-01  4.000E-01  0.000E+00
                                          4      0.470  3.000E-01  3.000E-01  0.000E+00
                                          3      0.526  3.000E-01  3.000E-01  0.000E+00
218Rn  218   86   24   28    9    2    6.512000    6.467000
  1   0.000000   0.0  1   3.50E-02  0                        0+  1 =    100.0000 %A     
  2   0.324320   2.0  1   8.00E-11  1                        2+  0
                                          1      0.324  9.001E-01  1.000E+00  1.110E-01
  3   0.653180   4.0  1             1                      (4+)  0
                                          2      0.329  9.034E-01  1.000E+00  1.070E-01
  4   0.796911   3.0 -1             2                      (3-)  0
                                          3      0.144  2.677E-02  3.192E-02  1.923E-01
                                          2      0.473  9.562E-01  9.681E-01  1.242E-02
  5   0.840172   3.0 -1             2                      (3-)  0
                                          2      0.516  3.308E-01  3.341E-01  9.929E-03
                                          1      0.840  6.487E-01  6.659E-01  2.650E-02
  6   1.014300   6.0  1             1                      (6+)  0
                                          3      0.361  9.240E-01  1.000E+00  8.221E-02
  7   1.026100   5.0 -1             2                      (5-)  0
                                          5      0.186  0.000E+00  0.000E+00  6.886E-01
                                          3      0.373  9.798E-01  1.000E+00  2.060E-02
  8   1.327900   7.0 -1             2                      (7-)  0
                                          7      0.302  5.977E-01  6.798E-01  1.374E-01
                                          6      0.313  3.108E-01  3.202E-01  3.031E-02
  9   1.392900   8.0  1             1                      (8+)  0
                                          6      0.379  9.326E-01  1.000E+00  7.223E-02
 10   1.694300   9.0 -1             2                      (9-)  0
                                          9      0.301  0.000E+00  0.000E+00  3.313E-02
                                          8      0.366  9.268E-01  1.000E+00  7.897E-02
 11   1.775200  10.0  1             1                     (10+)  0
                                          9      0.382  9.343E-01  1.000E+00  7.035E-02
 12   2.070900  11.0 -1             1                     (11-)  0
                                         10      0.377  9.317E-01  1.000E+00  7.327E-02
 13   2.168900  12.0  1             1                     (12+)  0
                                         11      0.394  9.389E-01  1.000E+00  6.503E-02
 14   2.457900  13.0 -1             1                     (13-)  0
                                         12      0.387  9.363E-01  1.000E+00  6.808E-02
 15   2.576600  14.0  1             1                     (14+)  0
                                         13      0.408  9.440E-01  1.000E+00  5.931E-02
 16   2.853000  15.0 -1             1                     (15-)  0
                                         14      0.395  0.000E+00  0.000E+00  6.442E-02
 17   3.002000  16.0  1             1                     (16+)  0
                                         15      0.425  9.496E-01  1.000E+00  5.313E-02
 18   3.265200  17.0 -1             1                     (17-)  0
                                         16      0.412  0.000E+00  0.000E+00  5.763E-02
 19   3.437500  18.0  1             1                     (18+)  0
                                         17      0.436  9.523E-01  1.000E+00  5.004E-02
 20   3.683200  19.0 -1             1                     (19-)  0
                                         18      0.418  0.000E+00  0.000E+00  5.558E-02
 21   3.859400  20.0  1             1                     (20+)  0
                                         19      0.422  9.485E-01  1.000E+00  5.427E-02
 22   4.287000  22.0  1             1                     (22+)  0
                                         21      0.428  9.502E-01  1.000E+00  5.243E-02
 23   4.725000  24.0  1             1                     (24+)  0
                                         22      0.438  9.530E-01  1.000E+00  4.932E-02
 24   5.167800  26.0  1             1                     (26+)  0
                                         23      0.443  0.000E+00  0.000E+00  4.798E-02
219Rn  219   86   31   80   31    1    4.449000    6.550000
  1   0.000000   2.5  1   3.96E+00  0 u                    5/2+  0
  2   0.004470   4.5  1   1.54E-08  1 u                  (9/2)+  0
                                          1      0.004  2.304E-07  1.000E+00  4.340E+06
  3   0.014370   3.5  1   8.75E-10  2 u                  (7/2)+  0
                                          2      0.010  5.767E-04  6.061E-01  1.050E+03
                                          1      0.014  6.948E-04  3.939E-01  5.660E+02
  4   0.126770   5.5  1   4.02E-10  1 u                 (11/2)+  0
                                          2      0.122  1.147E-01  1.000E+00  7.720E+00
  5   0.158640   3.5  1   4.23E-11  4 u                  (7/2)+  0
                                          4      0.032  2.232E-06  4.489E-03  2.010E+03
                                          3      0.144  6.362E-02  3.709E-01  4.830E+00
                                          2      0.154  1.116E-01  5.614E-01  4.030E+00
                                          1      0.159  1.362E-02  6.318E-02  3.640E+00
  6   0.269480   1.5  1   1.42E-11  3 u                    3/2+  0
                                          5      0.111  2.257E-03  1.458E-02  5.460E+00
                                          3      0.255  2.042E-03  2.515E-03  2.318E-01
                                          1      0.269  5.374E-01  9.829E-01  8.290E-01
  7   0.338270   2.5  1   6.10E-12  4 u                  (5/2)+  0
                                          5      0.180  1.420E-02  4.558E-02  2.210E+00
                                          3      0.324  3.736E-01  5.589E-01  4.960E-01
                                          2      0.334  9.341E-03  1.029E-02  1.020E-01
                                          1      0.338  2.653E-01  3.852E-01  4.520E-01
  8   0.342780   2.5 -1             2 c              (5/2,7/2)-  0
                                          3      0.328  4.723E-01  4.851E-01  2.730E-02
                                          1      0.343  5.024E-01  5.149E-01  2.480E-02
  9   0.376260   4.5  1   6.90E-12  4 u                  (9/2)+  0
                                          4      0.249  4.892E-02  7.828E-02  6.000E-01
                                          3      0.362  5.749E-02  7.907E-02  3.755E-01
                                          2      0.372  6.115E-01  8.256E-01  3.500E-01
                                          1      0.376  1.590E-02  1.707E-02  7.353E-02
 10   0.377330   4.5 -1             3 c              (7/2,9/2)-  0
                                          8      0.035  0.000E+00  0.000E+00  1.296E+03
                                          3      0.363  2.260E-01  2.310E-01  2.184E-02
                                          2      0.373  7.535E-01  7.690E-01  2.060E-02
 11   0.397100   3.5  1             1 g                          0
                                          4      0.270  8.383E-01  1.000E+00  1.929E-01
 12   0.445030   2.5  1   6.20E-12  5 u                  (5/2)+  0
                                          8      0.102  3.957E-04  5.738E-04  4.498E-01
                                          7      0.107  1.187E-02  1.484E-01  1.150E+01
                                          6      0.176  9.894E-03  3.741E-02  2.782E+00
                                          3      0.431  9.894E-03  1.222E-02  2.352E-01
                                          1      0.445  6.596E-01  8.014E-01  2.150E-01
 13   0.446820   2.5 -1             6 u                  (5/2)-  0
                                         10      0.070  1.209E-02  1.059E-01  7.760E+00
                                          8      0.104  3.626E-02  3.988E-01  1.000E+01
                                          7      0.109  9.668E-03  1.342E-02  3.879E-01
                                          6      0.177  9.064E-02  1.012E-01  1.164E-01
                                          5      0.288  3.021E-01  3.132E-01  3.670E-02
                                          3      0.432  6.647E-02  6.747E-02  1.499E-02
 14   0.490920   2.5 -1             1 c          (5/2,7/2,9/2)-  0
                                          9      0.115  1.501E-02  1.000E+00  6.563E+01
 15   0.514500   4.5  1             5 u                  (9/2+)  0
                                          9      0.138  4.556E-02  2.954E-01  5.484E+00
                                          5      0.356  7.455E-02  1.039E-01  3.940E-01
                                          4      0.388  4.141E-01  5.433E-01  3.119E-01
                                          3      0.500  3.727E-02  4.316E-02  1.579E-01
                                          2      0.510  1.242E-02  1.420E-02  1.430E-01
 16   0.517700   1.5 -1             1 g                          0
                                         13      0.071  1.202E-01  1.000E+00  7.319E+00
 17   0.541990   3.5  1             5 u                  (7/2+)  0
                                          9      0.166  4.462E-02  1.910E-01  3.280E+00
                                          5      0.383  1.116E-01  1.476E-01  3.228E-01
                                          3      0.528  5.578E-01  6.307E-01  1.307E-01
                                          2      0.538  1.618E-02  1.819E-02  1.244E-01
                                          1      0.542  1.116E-02  1.251E-02  1.217E-01
 18   0.594100   3.5 -1             6 u                  (7/2)-  0
                                         14      0.103  3.263E-02  3.589E-01  1.000E+01
                                         13      0.147  3.263E-02  1.826E-01  4.595E+00
                                          8      0.252  2.510E-01  4.091E-01  6.300E-01
                                          7      0.256  3.263E-02  3.421E-02  4.844E-02
                                          3      0.580  7.530E-03  7.589E-03  7.857E-03
                                          1      0.594  7.530E-03  7.586E-03  7.485E-03
 19   0.598720   3.5  1             4 c          (5/2,7/2,9/2)+  0
                                         10      0.221  2.302E-01  2.459E-01  6.810E-02
                                          7      0.260  4.240E-02  8.169E-02  9.266E-01
                                          3      0.584  9.086E-03  9.993E-03  9.980E-02
                                          1      0.599  6.058E-01  6.625E-01  9.359E-02
 20   0.623680   3.5  1             4 g                          0
                                          9      0.247  1.019E-01  2.109E-01  1.070E+00
                                          3      0.609  5.991E-01  6.527E-01  8.937E-02
                                          2      0.619  3.595E-02  3.903E-02  8.570E-02
                                          1      0.624  8.987E-02  9.743E-02  8.412E-02
 21   0.646100   4.5  1             6 g                          0
                                         15      0.132  6.611E-02  4.838E-01  6.318E+00
                                         13      0.199  3.306E-02  3.292E-01  8.957E+00
                                          5      0.488  1.322E-01  1.546E-01  1.689E-01
                                          3      0.632  5.289E-03  5.719E-03  8.128E-02
                                          2      0.642  1.983E-02  2.138E-02  7.799E-02
                                          1      0.646  5.289E-03  5.387E-03  1.852E-02
 22   0.672600   5.5  1             1 g                          0
                                          4      0.546  8.933E-01  1.000E+00  1.195E-01
 23   0.711300   2.5 -1             4 g                          0
                                         19      0.113  0.000E+00  0.000E+00  3.541E-01
                                          8      0.369  5.346E-01  7.259E-01  3.578E-01
                                          3      0.697  4.277E-02  4.300E-02  5.493E-03
                                          1      0.711  2.299E-01  2.311E-01  5.284E-03
 24   0.732800   4.5  1             7 g                          0
                                         13      0.286  4.422E-02  1.598E-01  2.615E+00
                                         10      0.356  1.658E-01  1.696E-01  2.286E-02
                                          8      0.390  2.763E-01  5.404E-01  9.553E-01
                                          5      0.574  4.422E-02  4.884E-02  1.045E-01
                                          3      0.718  5.527E-02  5.848E-02  5.802E-02
                                          2      0.728  1.105E-02  1.167E-02  5.596E-02
                                          1      0.733  1.105E-02  1.121E-02  1.429E-02
 25   0.748000   2.5  1             0 n                          0
 26   0.773000   1.5  1             0 n                          0
 27   0.800000   3.5  1             0 n                          0
 28   0.830000   3.5  1             0 n                          0
 29   0.851000   5.5  1             0 n                          0
 30   0.861000   2.5  1             0 n                          0
 31   0.873000   0.5  1             0 n                          0
220Rn  220   86    5    5    1    4    6.292800    7.210001
  1   0.000000   0.0  1   5.56E+01  0                        0+  1 =    100.0000 %A     
  2   0.240986   2.0  1   1.46E-10  1                        2+  0
                                          1      0.241  0.000E+00  0.000E+00  2.800E-01
  3   0.533690   4.0  1             1                        4+  0
                                          2      0.293  0.000E+00  0.000E+00  1.510E-01
  4   0.645440   1.0 -1             2                        1-  0
                                          2      0.404  2.880E-01  2.930E-01  1.728E-02
                                          1      0.646  7.025E-01  7.070E-01  6.364E-03
  5   0.663030   3.0 -1             1                      (3-)  0
                                          2      0.422  0.000E+00  0.000E+00  1.576E-02
221Rn  221   86    2    0    1    1    4.212000    7.170001
  1   0.000000   3.5  1   1.50E+03  0                      7/2+  2 =     22.0000 %A      =     78.0000 %B-    
  2   0.030000   1.5  1             0                    (3/2+)  0
222Rn  222   86    5    5    1    5    6.190000    0.000000
  1   0.000000   0.0  1   3.30E+05  0                        0+  1 =    100.0000 %A     
  2   0.186211   2.0  1   3.20E-10  1                        2+  0
                                          1      0.186  0.000E+00  0.000E+00  6.920E-01
  3   0.448370   4.0  1             1                        4+  0
                                          2      0.262  0.000E+00  0.000E+00  2.123E-01
  4   0.600660   1.0 -1             2                        1-  0
                                          2      0.415  3.710E-01  3.771E-01  1.637E-02
                                          1      0.601  6.184E-01  6.229E-01  7.323E-03
  5   0.635470   3.0 -1             1                        3-  0
                                          2      0.449  0.000E+00  0.000E+00  1.380E-02
223Rn  223   86    1    0    1    1    4.100000    7.800000
  1   0.000000   3.5  0   1.46E+03  0                       7/2  1 =    100.0000 %B-    
224Rn  224   86    1    0    1    1    5.930000    8.450001
  1   0.000000   0.0  1   6.42E+03  0                        0+  1 =    100.0000 %B-    
225Rn  225   86    1    0    1    1    0.000000    0.000000
  1   0.000000   3.5 -1   2.70E+02  0                      7/2-  1 =    100.0000 %B-    
226Rn  226   86    1    0    1    1    5.789001    0.000000
  1   0.000000   0.0  1   4.44E+02  0                        0+  1 =    100.0000 %B-    
227Rn  227   86    1    0    1    1    3.900000    8.810000
  1   0.000000  -1.0  0   2.08E+01  0                            1 =    100.0000 %B-    
228Rn  228   86    1    0    1    1    5.580000    0.000000
  1   0.000000   0.0  1   6.50E+01  0                        0+  1 =    100.0000 %B-    
