206Ac  206   89    1    0    1    1    0.000000    0.000000
  1   0.000000  -1.0  0   1.10E-02  0                            1 AP   100.0000 %A     
207Ac  207   89    1    0    1    1    0.000000   -0.500000
  1   0.000000   4.5 -1   2.20E-02  0                    (9/2-)  1 AP   100.0000 %A     
208Ac  208   89    2    0    1    1    8.440001    0.070000
  1   0.000000   3.0  1   9.50E-02  0                      (3+)  2 AP     1.0000 %EC     AP    99.0000 %A     
  2   0.506000  10.0 -1   2.50E-02  0                     (10-)  2 AP    10.0000 %EC     AP    90.0000 %A     
209Ac  209   89    1    0    1    1    0.000000    0.050000
  1   0.000000   4.5 -1   1.00E-01  0                    (9/2-)  2 AP     1.0000 %EC+%B+ AP    99.0000 %A     
210Ac  210   89    1    0    1    1    8.360001    0.480000
  1   0.000000  -1.0  0   3.50E-01  0                            2 AP     9.0000 %EC+%B+ =     91.0000 %A     
211Ac  211   89    1    0    1    1    9.660001    0.550000
  1   0.000000  -1.0  0   2.10E-01  0                            1 AP   100.0000 %A     
212Ac  212   89    3    1    1    1    8.000000    0.850000
  1   0.000000  -1.0  0   9.30E-01  0                            2 AP    43.0000 %EC     AP    57.0000 %A     
  2   0.133600  -1.0  0             1                            0
                                          1      0.134  0.000E+00  0.000E+00  0.000E+00
  3   0.158000  -1.0  0             0                            0
213Ac  213   89    6    5    1    1    9.190001    0.940000
  1   0.000000  -1.0  0   7.38E-01  0                            1 LE   100.0000 %A     
  2   0.468000  -1.0  0             1                            0
                                          1      0.468  1.000E+00  1.000E+00  0.000E+00
  3   0.616000  -1.0  0             1                            0
                                          1      0.616  1.000E+00  1.000E+00  0.000E+00
  4   0.634000  -1.0  0             1                            0
                                          1      0.634  1.000E+00  1.000E+00  0.000E+00
  5   1.066400  -1.0  0             1                            0
                                          3      0.450  1.000E+00  1.000E+00  0.000E+00
  6   1.884000  -1.0  0             1                            0
                                          5      0.818  1.000E+00  1.000E+00  0.000E+00
214Ac  214   89    1    0    1    1    7.770000    1.180000
  1   0.000000  -1.0  0   8.20E+00  0                            2 LE    11.0000 %EC     GE    89.0000 %A     
215Ac  215   89    4    3    1    4    8.480000    1.360000
  1   0.000000   4.5 -1   1.70E-01  0                      9/2-  2 =      0.0900 %EC+%B+ =     99.9000 %A     
  2   1.317000   6.5 -1             1                     13/2-  0
                                          1      1.317  9.943E-01  1.000E+00  5.720E-03
  3   1.621000   8.5 -1   3.00E-08  1                     17/2-  0
                                          2      0.304  8.651E-01  1.000E+00  1.560E-01
  4   1.796000  10.5 -1   1.85E-07  1                     21/2-  0
                                          3      0.175  4.902E-01  1.000E+00  1.040E+00
216Ac  216   89    2    0    1    1    5.960001    1.700000
  1   0.000000   1.0 -1   4.40E-04  0                      (1-)  1 =    100.0000 %A     
  2   0.048000   9.0 -1   4.41E-04  0                      (9-)  1 =    100.0000 %A     
217Ac  217   89   11   14    1    7    7.502000    1.873000
  1   0.000000   4.5 -1   6.90E-08  0                      9/2-  2 LE     2.0000 %EC+%B+ AP   100.0000 %A     
  2   0.660300   6.5 -1             1                     13/2-  0
                                          1      0.660  0.000E+00  0.000E+00  2.210E-02
  3   0.670100   5.5 -1             1                     11/2-  0
                                          1      0.670  0.000E+00  0.000E+00  5.800E-02
  4   1.146700   8.5 -1             1                     17/2-  2 LE     0.3400 %A      GE    99.7000 %IT    
                                          2      0.486  0.000E+00  0.000E+00  4.400E-02
  5   1.149200   7.5 -1             2                     15/2-  2 LE     1.7000 %A      GE    98.3000 %IT    
                                          3      0.479  5.033E-01  5.263E-01  4.570E-02
                                          2      0.489  3.775E-01  4.567E-01  2.100E-01
  6   1.498200   9.5 -1             2                     19/2-  2 LE     0.9800 %A      GE    99.0000 %IT    
                                          5      0.349  3.359E-01  3.712E-01  1.050E-01
                                          4      0.352  4.420E-01  6.188E-01  4.000E-01
  7   1.528500  10.5 -1   1.00E-08  2                     21/2-  2 LE     0.4800 %A      GE    99.6000 %IT    
                                          6      0.030  0.000E+00  0.000E+00  1.133E+02
                                          4      0.382  0.000E+00  0.000E+00  8.160E-02
  8   1.682300  11.5 -1   1.00E-08  1                   (23/2)-  0
                                          7      0.154  0.000E+00  0.000E+00  4.830E+00
  9   1.792000  12.5 -1             1                   (25/2)-  0
                                          8      0.110  0.000E+00  0.000E+00  1.380E+01
 10   1.916000  13.5 -1             1                   (27/2)-  0
                                          8      0.234  0.000E+00  0.000E+00  3.630E-01
 11   2.013000  14.5  1   7.40E-07  2                   (29/2)+  2 =      4.3000 %A      =     95.7000 %IT    
                                         10      0.096  4.659E-02  1.211E-01  1.600E+00
                                          9      0.220  9.318E-02  8.359E-01  7.970E+00
218Ac  218   89    6    0    1    1    5.930000    2.330000
  1   0.000000   1.0 -1   1.08E-06  0                      (1-)  1 =    100.0000 %A     
  2   0.153000  -1.0  0             0                            0
  3   0.367000  -1.0  0             0                            0
  4   0.489000  -1.0  0             0                            0
  5   0.520000  -1.0  0             0                            0
  6   0.540000  -1.0  0             0                            0
219Ac  219   89   42   69   15    1    7.340000    2.370000
  1   0.000000   4.5 -1   1.18E-05  0 u                    9/2-  1 =    100.0000 %A     
  2   0.193000   3.5 -1             0 n                          0
  3   0.341000   5.5 -1             1 u                 (11/2)-  0
                                          1      0.341  6.460E-01  1.000E+00  5.480E-01
  4   0.355246   6.5 -1             1 u                 (13/2)-  0
                                          1      0.355  9.095E-01  1.000E+00  9.950E-02
  5   0.576844   6.5  1             2 u                 (13/2+)  0
                                          4      0.222  2.433E-01  2.610E-01  7.307E-02
                                          3      0.236  6.950E-01  7.390E-01  6.320E-02
  6   0.631410   6.5  1             1 u                 (13/2)+  0
                                          3      0.291  9.625E-01  1.000E+00  3.900E-02
  7   0.657634   7.5 -1             3 u                 (15/2)-  0
                                          5      0.081  6.787E-02  8.164E-02  2.030E-01
                                          4      0.303  2.794E-01  4.136E-01  4.800E-01
                                          3      0.317  4.436E-01  5.048E-01  1.380E-01
  8   0.714553   8.5 -1             2 u                 (17/2)-  0
                                          7      0.057  4.392E-02  8.567E-01  1.850E+01
                                          4      0.359  1.307E-01  1.433E-01  9.640E-02
  9   0.866646   8.5  1             3 u                 (17/2+)  0
                                          8      0.153  0.000E+00  0.000E+00  1.771E-01
                                          7      0.209  8.589E-01  9.310E-01  8.390E-02
                                          5      0.289  5.841E-02  6.904E-02  1.820E-01
 10   0.926420   8.5  1             3 u                 (17/2)+  0
                                          7      0.269  4.860E-01  5.087E-01  4.678E-02
                                          6      0.295  1.263E-01  1.480E-01  1.710E-01
                                          5      0.349  3.110E-01  3.434E-01  1.040E-01
 11   0.965274   9.5  1             1 u                 (19/2+)  0
                                          8      0.251  9.480E-01  1.000E+00  5.490E-02
 12   1.017660   9.5 -1             3 u                 (19/2-)  0
                                          9      0.151  4.102E-01  4.853E-01  1.830E-01
                                          8      0.304  6.153E-02  1.102E-01  7.913E-01
                                          7      0.360  3.692E-01  4.045E-01  9.580E-02
 13   1.116000  10.5 -1             2 u                 (21/2)-  0
                                         11      0.151  3.885E-01  4.595E-01  1.830E-01
                                          8      0.401  5.045E-01  5.405E-01  7.130E-02
 14   1.180410   9.5 -1             1 u                 (19/2-)  0
                                         10      0.254  9.494E-01  1.000E+00  5.326E-02
 15   1.182980  10.5  1             4 u                 (21/2+)  0
                                         13      0.067  0.000E+00  0.000E+00  3.348E-01
                                         12      0.165  4.668E-01  5.354E-01  1.470E-01
                                         11      0.218  6.068E-02  1.778E-01  1.930E+00
                                          9      0.317  2.521E-01  2.868E-01  1.380E-01
 16   1.292720  10.5  1             2 u                 (21/2)+  0
                                         14      0.112  2.434E-01  3.358E-01  3.796E-01
                                         10      0.366  6.086E-01  6.642E-01  9.130E-02
 17   1.301000  11.5  1             2 u                 (23/2+)  0
                                         13      0.185  7.501E-01  8.341E-01  1.120E-01
                                         11      0.336  1.485E-01  1.659E-01  1.170E-01
 18   1.413700  11.5 -1             2 u                 (23/2-)  0
                                         15      0.231  7.557E-01  8.060E-01  6.660E-02
                                         12      0.396  1.806E-01  1.940E-01  7.400E-02
 19   1.461430  -1.0  0             1                            0
                                         10      0.535  1.000E+00  1.000E+00  0.000E+00
 20   1.546990  12.5  1             3 u                 (25/2+)  0
                                         18      0.133  3.294E-01  4.108E-01  2.470E-01
                                         17      0.246  9.108E-02  2.150E-01  1.360E+00
                                         15      0.364  3.424E-01  3.743E-01  9.300E-02
 21   1.551720  12.5 -1             2 u                 (25/2)-  0
                                         17      0.251  6.488E-01  6.844E-01  5.490E-02
                                         13      0.436  2.984E-01  3.156E-01  5.760E-02
 22   1.551740  11.5 -1             1 u                 (23/2-)  0
                                         16      0.259  9.515E-01  1.000E+00  5.092E-02
 23   1.698770  13.5  1             2 u                 (27/2+)  0
                                         21      0.147  2.666E-01  3.188E-01  1.960E-01
                                         17      0.398  6.347E-01  6.812E-01  7.320E-02
 24   1.699970  12.5  1             1 u                 (25/2+)  0
                                         16      0.407  9.355E-01  1.000E+00  6.890E-02
 25   1.710500  12.5  1             2 u                 (25/2+)  0
                                         22      0.159  2.570E-01  2.986E-01  1.620E-01
                                         16      0.418  6.589E-01  7.014E-01  6.446E-02
 26   1.812950  13.5 -1             2 u                 (27/2-)  0
                                         20      0.266  8.150E-01  8.540E-01  4.790E-02
                                         18      0.399  1.361E-01  1.460E-01  7.257E-02
 27   1.959290  14.5  1             3 u                 (29/2+)  0
                                         26      0.147  3.427E-01  4.098E-01  1.960E-01
                                         23      0.261  1.094E-01  2.210E-01  1.020E+00
                                         20      0.412  3.461E-01  3.692E-01  6.660E-02
 28   2.023840  14.5 -1             2 u                 (29/2-)  0
                                         23      0.325  7.676E-01  7.910E-01  3.049E-02
                                         21      0.473  1.996E-01  2.090E-01  4.720E-02
 29   2.113830  14.5  1             1 u                 (29/2+)  0
                                         24      0.414  9.380E-01  1.000E+00  6.606E-02
 30   2.129400  14.5 -1             1 u                 (29/2-)  0
                                         19      0.668  0.000E+00  0.000E+00  0.000E+00
 31   2.149250  15.5  1             2 u                 (31/2+)  0
                                         28      0.125  3.528E-01  4.537E-01  2.860E-01
                                         23      0.450  5.188E-01  5.463E-01  5.320E-02
 32   2.245170  15.5 -1             2 u                 (31/2-)  0
                                         27      0.286  6.636E-01  6.907E-01  4.090E-02
                                         26      0.432  2.920E-01  3.093E-01  5.920E-02
 33   2.351220  16.5  1             2 u                 (33/2+)  0
                                         32      0.106  0.000E+00  0.000E+00  9.899E-02
                                         27      0.392  9.292E-01  1.000E+00  7.623E-02
 34   2.401610  16.5 -1             1 u                 (33/2-)  0
                                         32      0.156  1.653E-01  1.000E+00  5.048E+00
 35   2.427590  16.5  1             1 u                 (33/2+)  0
                                         27      0.468  9.540E-01  1.000E+00  4.827E-02
 36   2.444520  16.5  1             1 u                 (33/2+)  0
                                         27      0.485  9.576E-01  1.000E+00  4.425E-02
 37   2.806160  18.5  1             1 u                 (37/2+)  0
                                         33      0.455  9.507E-01  1.000E+00  5.187E-02
 38   2.835150  18.5 -1             1 u                 (37/2-)  0
                                         34      0.434  9.447E-01  1.000E+00  5.859E-02
 39   2.836730  18.5  1             1 u                 (37/2+)  0
                                         35      0.409  9.363E-01  1.000E+00  6.807E-02
 40   3.249080  20.5  1             1 u                 (41/2+)  0
                                         37      0.443  9.474E-01  1.000E+00  5.549E-02
 41   3.254520  20.5 -1             1 u                 (41/2-)  0
                                         38      0.419  9.400E-01  1.000E+00  6.383E-02
 42   3.720790  22.5 -1             1 u                 (45/2-)  0
                                         41      0.466  9.535E-01  1.000E+00  4.879E-02
220Ac  220   89   17   28    1    1    5.880000    2.930000
  1   0.000000   3.0 -1   2.64E-02  0                      (3-)  2 =      0.0005 %EC     =    100.0000 %A     
  2   0.013790  -1.0  0             1                            0
                                          1      0.014  0.000E+00  0.000E+00  0.000E+00
  3   0.040690  -1.0  0             1                            0
                                          1      0.041  0.000E+00  0.000E+00  5.030E+01
  4   0.068710   5.0 -1             1                      (5-)  0
                                          3      0.028  0.000E+00  0.000E+00  1.520E+02
  5   0.071560  -1.0  0             1                            0
                                          2      0.058  0.000E+00  0.000E+00  0.000E+00
  6   0.108510  -1.0  0             1                            0
                                          3      0.068  0.000E+00  0.000E+00  1.130E+01
  7   0.113300  -1.0  0             1                            0
                                          1      0.113  0.000E+00  0.000E+00  6.200E+00
  8   0.145600  -1.0  0             1                            0
                                          5      0.074  0.000E+00  0.000E+00  0.000E+00
  9   0.150180  -1.0  0             1                            0
                                          3      0.110  0.000E+00  0.000E+00  1.400E+01
 10   0.153000  -1.0  0             4                            0
                                          7      0.040  0.000E+00  0.000E+00  0.000E+00
                                          5      0.082  2.309E-02  1.755E-01  6.600E+00
                                          2      0.139  3.711E-02  2.984E-01  7.040E+00
                                          1      0.153  8.247E-02  5.261E-01  5.380E+00
 11   0.184210  -1.0  0             2                            0
                                          2      0.171  5.293E-02  2.625E-01  3.960E+00
                                          1      0.184  1.764E-01  7.375E-01  3.180E+00
 12   0.233810  -1.0  0             1                (4+,5+,6+)  0
                                          4      0.165  0.000E+00  0.000E+00  1.470E-01
 13   0.263220  -1.0  0             3                (4+,5+,6+)  0
                                          9      0.113  1.863E-01  2.550E-01  3.690E-01
                                          6      0.155  1.048E-01  1.048E-01  0.000E+00
                                          4      0.195  5.820E-01  6.402E-01  1.000E-01
 14   0.312000  -1.0  0             1                            0
                                          2      0.298  0.000E+00  0.000E+00  0.000E+00
 15   0.335180  -1.0  0             4                            0
                                         11      0.151  4.274E-01  4.274E-01  0.000E+00
                                         10      0.182  2.564E-01  2.564E-01  0.000E+00
                                          3      0.295  2.137E-01  2.137E-01  0.000E+00
                                          1      0.335  1.026E-01  1.026E-01  0.000E+00
 16   0.356100  -1.0  0             3                            0
                                          6      0.248  4.195E-01  4.195E-01  0.000E+00
                                          4      0.287  4.878E-01  4.878E-01  0.000E+00
                                          3      0.316  9.268E-02  9.268E-02  0.000E+00
 17   0.411900  -1.0  0             2                            0
                                          2      0.398  5.000E-01  5.000E-01  0.000E+00
                                          1      0.412  5.000E-01  5.000E-01  0.000E+00
221Ac  221   89   32   61   15    1    7.300000    3.040000
  1   0.000000   1.5 -1   5.20E-02  0 u                  (3/2-)  1 =    100.0000 %A     
  2   0.009000   2.5 -1             1 u                  (5/2-)  0
                                          1      0.009  0.000E+00  0.000E+00  8.151E+02
  3   0.052000   3.5  1             0 n                          0
  4   0.148400   3.5 -1             2 u                  (7/2-)  0
                                          2      0.139  0.000E+00  0.000E+00  7.007E+00
                                          1      0.148  0.000E+00  0.000E+00  1.996E+00
  5   0.201200   4.5 -1             2 u                  (9/2-)  0
                                          4      0.053  0.000E+00  0.000E+00  2.347E+01
                                          2      0.192  0.000E+00  0.000E+00  7.312E-01
  6   0.321100   4.5  1             1 u                  (9/2+)  0
                                          4      0.173  0.000E+00  0.000E+00  1.323E-01
  7   0.380700   5.5 -1             3 u                 (11/2-)  0
                                          6      0.060  1.658E-01  2.416E-01  4.573E-01
                                          5      0.180  0.000E+00  0.000E+00  3.421E+00
                                          4      0.232  5.527E-01  7.584E-01  3.721E-01
  8   0.413800   5.5  1             1 u                 (11/2+)  0
                                          5      0.213  9.253E-01  1.000E+00  8.069E-02
  9   0.459500   6.5 -1             3 u                 (13/2-)  0
                                          8      0.046  0.000E+00  0.000E+00  8.673E-01
                                          7      0.079  0.000E+00  0.000E+00  7.276E+00
                                          5      0.258  0.000E+00  0.000E+00  2.611E-01
 10   0.523200   6.5  1             2 u                 (13/2+)  0
                                          7      0.143  7.209E-01  8.726E-01  2.104E-01
                                          6      0.202  7.930E-02  1.274E-01  6.070E-01
 11   0.639100   7.5  1             2 u                 (15/2+)  0
                                          9      0.180  0.000E+00  0.000E+00  1.204E-01
                                          8      0.225  0.000E+00  0.000E+00  4.140E-01
 12   0.663100   7.5 -1             3 u                 (15/2-)  0
                                         10      0.140  0.000E+00  0.000E+00  2.199E-01
                                          9      0.204  1.353E-01  4.587E-01  2.391E+00
                                          7      0.282  4.524E-01  5.413E-01  1.964E-01
 13   0.762800   8.5 -1             2 u                 (17/2-)  0
                                         11      0.124  5.054E-01  6.548E-01  2.957E-01
                                          9      0.303  2.982E-01  3.452E-01  1.578E-01
 14   0.789900   8.5  1             3 u                 (17/2+)  0
                                         12      0.127  4.753E-01  6.080E-01  2.792E-01
                                         11      0.151  3.802E-02  2.511E-01  5.603E+00
                                         10      0.267  1.141E-01  1.409E-01  2.354E-01
 15   0.926400   9.5  1             2 u                 (19/2+)  0
                                         13      0.164  7.527E-01  8.661E-01  1.506E-01
                                         11      0.287  1.129E-01  1.339E-01  1.864E-01
 16   0.980000   9.5 -1             2 u                 (19/2-)  0
                                         14      0.190  7.633E-01  8.436E-01  1.052E-01
                                         12      0.317  1.374E-01  1.564E-01  1.383E-01
 17   1.097000  10.5 -1             2 u                 (21/2-)  0
                                         15      0.171  6.360E-01  7.225E-01  1.360E-01
                                         13      0.334  2.480E-01  2.775E-01  1.187E-01
 18   1.106000  10.5  1             2 u                 (21/2+)  0
                                         16      0.126  5.332E-01  6.841E-01  2.829E-01
                                         14      0.316  2.773E-01  3.159E-01  1.393E-01
 19   1.261400  11.5  1             2 u                 (23/2+)  0
                                         17      0.164  6.399E-01  7.353E-01  1.491E-01
                                         15      0.335  2.368E-01  2.647E-01  1.178E-01
 20   1.324800  11.5 -1             2 u                 (23/2-)  0
                                         18      0.219  7.844E-01  8.435E-01  7.532E-02
                                         16      0.345  1.412E-01  1.565E-01  1.084E-01
 21   1.457200  12.5 -1             2 u                 (25/2-)  0
                                         19      0.196  6.116E-01  6.716E-01  9.801E-02
                                         17      0.360  2.997E-01  3.284E-01  9.595E-02
 22   1.459700  12.5  1             2 u                 (25/2+)  0
                                         20      0.135  0.000E+00  0.000E+00  2.405E-01
                                         18      0.354  0.000E+00  0.000E+00  1.009E-01
 23   1.631400  13.5  1             2 u                 (27/2+)  0
                                         21      0.174  5.474E-01  6.184E-01  1.297E-01
                                         19      0.370  3.503E-01  3.816E-01  8.917E-02
 24   1.697100  13.5 -1             2 u                 (27/2-)  0
                                         22      0.238  0.000E+00  0.000E+00  6.218E-02
                                         20      0.372  0.000E+00  0.000E+00  8.754E-02
 25   1.843600  14.5  1             2 u                 (29/2+)  0
                                         24      0.146  0.000E+00  0.000E+00  1.971E-01
                                         22      0.384  0.000E+00  0.000E+00  8.056E-02
 26   1.843800  14.5 -1             2 u                 (29/2-)  0
                                         23      0.212  6.213E-01  6.715E-01  8.087E-02
                                         21      0.387  3.044E-01  3.285E-01  7.911E-02
 27   2.029800  15.5  1             2 u                 (31/2+)  0
                                         26      0.186  5.565E-01  6.179E-01  1.104E-01
                                         23      0.398  3.561E-01  3.821E-01  7.301E-02
 28   2.095300  15.5 -1             2 u                 (31/2-)  0
                                         25      0.251  0.000E+00  0.000E+00  5.453E-02
                                         24      0.398  0.000E+00  0.000E+00  7.306E-02
 29   2.255300  16.5 -1             2 u                 (33/2-)  0
                                         27      0.225  0.000E+00  0.000E+00  7.024E-02
                                         26      0.412  0.000E+00  0.000E+00  6.705E-02
 30   2.255400  16.5  1             2 u                 (33/2+)  0
                                         28      0.160  0.000E+00  0.000E+00  1.582E-01
                                         25      0.412  0.000E+00  0.000E+00  6.697E-02
 31   2.454200  17.5  1             2 u                 (35/2+)  0
                                         29      0.199  0.000E+00  0.000E+00  9.452E-02
                                         27      0.425  0.000E+00  0.000E+00  6.159E-02
 32   2.514400  17.5 -1             2 u                 (35/2-)  0
                                         30      0.259  0.000E+00  0.000E+00  5.092E-02
                                         28      0.419  0.000E+00  0.000E+00  6.393E-02
222Ac  222   89    3    0    1    1    5.980000    3.647000
  1   0.000000   1.0 -1   5.00E+00  0                        1-  2 =      1.0000 %EC+%B+ =     99.0000 %A     
  2   0.041000  -1.0  0             0                            0
  3   0.137000  -1.0  0             0                            0
223Ac  223   89   11   17    1    1    6.863000    3.783000
  1   0.000000   2.5 -1   1.26E+02  0                    (5/2-)  2 =      1.0000 %EC     =     99.0000 %A     
  2   0.012500   1.5 -1             0                    (3/2-)  0
  3   0.042400   3.5 -1   2.50E-10  1                    (7/2-)  0
                                          1      0.042  4.651E-03  1.000E+00  2.140E+02
  4   0.050700   2.5 -1   2.50E-10  2                    (5/2-)  0
                                          3      0.008  4.433E-04  6.831E-01  1.540E+03
                                          1      0.051  7.388E-03  3.169E-01  4.190E+01
  5   0.064620   2.5  1   2.50E-10  2                    (5/2+)  0
                                          3      0.022  1.382E-02  9.909E-02  6.170E+00
                                          1      0.065  6.581E-01  9.009E-01  3.690E-01
  6   0.090700   4.5 -1   2.50E-10  1                    (9/2-)  0
                                          3      0.048  3.195E-02  1.000E+00  3.030E+01
  7   0.107200   3.5 -1   2.50E-10  2                    (7/2-)  0
                                          4      0.057  3.296E-02  6.634E-01  1.913E+01
                                          1      0.107  4.120E-02  3.366E-01  7.170E+00
  8   0.110060   3.5  1   2.50E-10  4                    (7/2+)  0
                                          5      0.046  8.645E-03  3.199E-01  3.600E+01
                                          4      0.060  2.905E-02  4.238E-02  4.590E-01
                                          3      0.068  1.176E-01  1.560E-01  3.270E-01
                                          1      0.110  3.458E-01  4.817E-01  3.930E-01
  9   0.130700   3.5  1             2                    (7/2+)  0
                                          4      0.080  2.893E-01  3.497E-01  2.090E-01
                                          1      0.131  5.165E-01  6.503E-01  2.590E-01
 10   0.141000   5.5 -1             0                   (11/2-)  0
 11   0.167500   4.5  1   2.50E-10  3                    (9/2+)  0
                                          8      0.058  0.000E+00  0.000E+00  1.826E+01
                                          6      0.077  8.978E-02  1.105E-01  2.310E-01
                                          3      0.125  6.906E-01  8.895E-01  2.880E-01
224Ac  224   89   38   72   33    1    5.666000    4.298000
  1   0.000000   0.0 -1   1.00E+04  0 u                      0-  3 =     90.9000 %EC     =      9.1000 %A      SY     1.6000 %B-    
  2   0.017600   1.0 -1             0 n                          0
  3   0.023300   1.0 -1             0 n                          0
  4   0.029800   1.0  1             1 u                      1+  0
                                          1      0.030  0.000E+00  0.000E+00  2.880E+00
  5   0.037200   1.0  1             0 n                          0
  6   0.045700   0.0  1             0 n                          0
  7   0.047300   1.0 -1             0 n                          0
  8   0.049100   1.0 -1             0 n                          0
  9   0.052200   1.0  1             4 g                          0
                                          4      0.022  0.000E+00  0.000E+00  2.930E+02
                                          3      0.029  8.453E-02  3.516E-01  3.160E+00
                                          2      0.035  2.013E-01  5.917E-01  1.940E+00
                                          1      0.052  3.421E-02  5.664E-02  6.555E-01
 10   0.064400   1.0 -1             1 g                          0
                                          3      0.041  0.000E+00  0.000E+00  4.594E+01
 11   0.078500   1.0  1             2 g                          0
                                          9      0.026  1.439E-02  7.211E-02  4.010E+00
                                          4      0.049  3.199E-02  9.279E-01  2.801E+01
 12   0.080500   1.0  1             2 g                          0
                                          9      0.028  5.226E-03  7.296E-01  1.386E+02
                                          5      0.043  1.306E-01  2.704E-01  1.070E+00
 13   0.090400   2.0  1             1 g                          0
                                          3      0.067  0.000E+00  0.000E+00  3.320E-01
 14   0.103600   1.0 -1             1 g                          0
                                          8      0.054  0.000E+00  0.000E+00  5.890E-01
 15   0.109300   2.0 -1             1 g                          0
                                          8      0.060  5.923E-02  1.000E+00  1.588E+01
 16   0.110300   1.0 -1             1 g                          0
                                          8      0.062  0.000E+00  0.000E+00  1.499E+01
 17   0.116500   2.0  1             2 g                          0
                                         12      0.036  2.379E-01  6.566E-01  1.760E+00
                                         10      0.052  2.070E-01  3.434E-01  6.589E-01
 18   0.130300   1.0 -1             3 g                          0
                                         12      0.050  2.265E-02  3.836E-02  6.934E-01
                                         11      0.052  1.133E-01  1.887E-01  6.660E-01
                                          8      0.081  1.008E-01  7.729E-01  6.667E+00
 19   0.142500   2.0 -1             0 n                          0
 20   0.160000   1.0 -1             0 n                          0
 21   0.169000   2.0 -1             0 n                          0
 22   0.176700   1.0  1             4 g                          0
                                         18      0.047  1.290E-02  2.365E-02  8.329E-01
                                         17      0.060  5.377E-02  9.078E-01  1.588E+01
                                         15      0.067  4.302E-02  5.719E-02  3.295E-01
                                         14      0.073  9.033E-03  1.141E-02  2.626E-01
 23   0.183400   1.0  1             3 g                          0
                                         18      0.053  3.198E-01  5.190E-01  6.230E-01
                                         15      0.074  1.215E-01  1.526E-01  2.561E-01
                                         14      0.080  2.718E-01  3.284E-01  2.082E-01
 24   0.212000   1.0  1             0 n                          0
 25   0.219700   2.0  1             1 g                          0
                                         19      0.077  0.000E+00  0.000E+00  2.296E-01
 26   0.236500   1.0  1             1 g                          0
                                         22      0.060  0.000E+00  0.000E+00  1.627E+01
 27   0.252700   1.0  1             4 g                          0
                                         23      0.069  5.888E-02  6.819E-01  1.058E+01
                                         22      0.076  2.532E-02  2.300E-01  8.086E+00
                                         19      0.110  5.063E-02  7.041E-02  3.906E-01
                                         18      0.123  1.354E-02  1.764E-02  3.027E-01
 28   0.283400   1.0 -1             5 g                          0
                                         19      0.141  4.390E-02  3.429E-01  6.810E+00
                                         13      0.193  2.415E-02  2.660E-02  1.014E-01
                                          6      0.238  5.707E-02  6.062E-02  6.206E-02
                                          5      0.246  7.903E-02  8.355E-02  5.722E-02
                                          3      0.260  2.195E-01  4.863E-01  1.216E+00
 29   0.300000   2.0 -1             0 n                          0
 30   0.317200   1.0  1             1 g                          0
                                          5      0.280  0.000E+00  0.000E+00  9.902E-01
 31   0.333000   2.0  1             9 g                          0
                                         18      0.203  9.315E-02  3.186E-01  2.420E+00
                                         16      0.223  1.694E-02  1.816E-02  7.225E-02
                                         13      0.243  4.975E-02  1.234E-01  1.480E+00
                                         12      0.253  6.669E-02  1.547E-01  1.320E+00
                                          9      0.281  3.281E-02  6.505E-02  9.824E-01
                                          8      0.283  4.975E-02  5.181E-02  4.148E-02
                                          7      0.286  1.694E-02  1.763E-02  4.069E-02
                                          5      0.296  3.281E-02  6.079E-02  8.527E-01
                                          4      0.303  1.058E-01  1.899E-01  7.941E-01
 32   0.354000   0.0  1             4 g                          0
                                         17      0.238  6.892E-02  1.764E-01  1.560E+00
                                         15      0.245  3.597E-02  8.778E-02  1.440E+00
                                         10      0.290  8.710E-02  9.052E-02  3.937E-02
                                          5      0.317  3.787E-01  6.453E-01  7.040E-01
 33   0.360200   1.0  1             5 g                          0
                                         18      0.230  1.225E-01  3.321E-01  1.710E+00
                                         12      0.280  2.532E-02  5.053E-02  9.952E-01
                                          9      0.308  2.723E-01  4.793E-01  7.600E-01
                                          7      0.313  1.362E-02  1.407E-02  3.322E-02
                                          4      0.330  7.625E-02  1.241E-01  6.270E-01
 34   0.380800  -1.0  0             4                            0
                                         18      0.251  2.164E-01  5.085E-01  1.350E+00
                                         12      0.300  6.235E-02  6.235E-02  0.000E+00
                                          9      0.329  3.668E-01  3.668E-01  0.000E+00
                                          4      0.351  6.235E-02  6.235E-02  0.000E+00
 35   0.395800  -1.0  0             4                            0
                                         23      0.213  5.185E-02  5.185E-02  0.000E+00
                                         19      0.253  8.148E-02  8.148E-02  0.000E+00
                                         11      0.317  7.407E-01  7.407E-01  0.000E+00
                                          8      0.347  1.259E-01  1.259E-01  0.000E+00
 36   0.402900  -1.0  0             4                            0
                                         22      0.226  7.265E-02  7.265E-02  0.000E+00
                                         14      0.300  1.410E-01  1.410E-01  0.000E+00
                                         13      0.312  7.265E-02  7.265E-02  0.000E+00
                                         12      0.322  4.274E-01  7.137E-01  6.700E-01
 37   0.448100  -1.0  0             3                            0
                                         27      0.196  1.988E-01  1.988E-01  0.000E+00
                                         18      0.318  6.024E-01  6.024E-01  0.000E+00
                                         14      0.344  1.988E-01  1.988E-01  0.000E+00
 38   0.452000  -1.0  0             1                            0
                                         17      0.336  0.000E+00  0.000E+00  0.000E+00
225Ac  225   89   17   24    1    1    6.656000    4.477000
  1   0.000000   1.5 -1   8.64E+05  0                    (3/2-)  1 =    100.0000 %A     
  2   0.029940   2.5 -1             1                    (5/2-)  0
                                          1      0.030  0.000E+00  0.000E+00  1.166E+02
  3   0.040090   1.5  1   7.20E-10  1                    (3/2+)  0
                                          1      0.040  0.000E+00  0.000E+00  1.320E+00
  4   0.064700   2.5  1             2                    (5/2+)  0
                                          2      0.035  3.317E-02  9.281E-02  1.798E+00
                                          1      0.065  6.635E-01  9.072E-01  3.674E-01
  5   0.077120   3.5 -1             0                    (7/2-)  0
  6   0.105060   3.5  1             2                    (7/2+)  0
                                          4      0.040  0.000E+00  0.000E+00  4.945E+01
                                          2      0.075  8.020E-01  1.000E+00  2.469E-01
  7   0.120800   2.5 -1             2                    (5/2-)  0
                                          3      0.081  4.780E-03  5.759E-03  2.047E-01
                                          1      0.121  9.560E-02  9.942E-01  9.400E+00
  8   0.144950   4.5  1             1                    (9/2+)  0
                                          5      0.068  7.551E-01  1.000E+00  3.243E-01
  9   0.155650   2.5  1             4                    (5/2+)  0
                                          7      0.035  9.508E-03  2.660E-02  1.798E+00
                                          3      0.116  7.314E-02  9.508E-01  1.200E+01
                                          2      0.126  1.426E-02  1.832E-02  2.845E-01
                                          1      0.156  3.657E-03  4.278E-03  1.699E-01
 10   0.170790   3.5 -1             2                    (7/2-)  0
                                          5      0.094  4.541E-02  2.460E-01  4.416E+00
                                          2      0.141  9.663E-02  7.540E-01  6.803E+00
 11   0.199850   3.5  1             5                    (7/2+)  0
                                          7      0.079  3.716E-02  4.518E-02  2.160E-01
                                          6      0.095  4.608E-02  2.419E-01  4.249E+00
                                          5      0.123  1.784E-02  2.320E-02  3.010E-01
                                          4      0.135  7.432E-02  6.424E-01  7.644E+00
                                          2      0.170  4.162E-02  4.734E-02  1.375E-01
 12   0.221000  -1.0  0             0                            0
 13   0.235500   4.5 -1             1                    (9/2-)  0
                                          5      0.158  0.000E+00  0.000E+00  4.873E+00
 14   0.257040   4.5  1             3                    (9/2+)  0
                                          8      0.112  4.803E-02  6.777E-01  1.311E+01
                                          6      0.152  4.419E-02  2.863E-01  5.478E+00
                                          5      0.180  3.218E-02  3.604E-02  1.200E-01
 15   0.318000  -1.0  0             0                            0
 16   0.327000  -1.0  0             0                            0
 17   0.421000  -1.0  0             0                            0
226Ac  226   89   18    0    1    1    5.399000    4.974000
  1   0.000000   1.0  0   1.06E+05  0                       (1)  3 =     17.0000 %EC     =      0.0060 %A      =     83.0000 %B-    
  2   0.005100  -1.0  0             0                            0
  3   0.018800  -1.0  0             0                            0
  4   0.033300  -1.0  0             0                            0
  5   0.045000  -1.0  0             0                            0
  6   0.058300  -1.0  0             0                            0
  7   0.070300  -1.0  0             0                            0
  8   0.077700  -1.0  0             0                            0
  9   0.130400  -1.0  0             0                            0
 10   0.165000  -1.0  0             0                            0
 11   0.195000  -1.0  0             0                            0
 12   0.230000  -1.0  0             0                            0
 13   0.265000  -1.0  0             0                            0
 14   0.290000  -1.0  0             0                            0
 15   0.378000  -1.0  0             0                            0
 16   0.418000  -1.0  0             0                            0
 17   0.556000  -1.0  0             0                            0
 18   0.589000   2.0 -1             0                      (2-)  0
227Ac  227   89   46   98   38    4    6.528000    5.105100
  1   0.000000   1.5 -1   6.87E+08  0 u                    3/2-  2 =      1.3800 %A      =     98.6000 %B-    
  2   0.027370   1.5  1   3.83E-08  1 u                    3/2+  0
                                          1      0.027  1.818E-01  1.000E+00  4.500E+00
  3   0.029980   2.5 -1             1 u                    5/2-  0
                                          1      0.030  3.534E-03  1.000E+00  2.820E+02
  4   0.046350   2.5  1             3 u                    5/2+  0
                                          3      0.016  6.405E-03  5.380E-02  7.400E+00
                                          2      0.019  7.811E-03  9.373E-01  1.190E+02
                                          1      0.046  4.687E-03  8.881E-03  8.950E-01
  5   0.074140   3.5 -1             2 u                  (7/2)-  0
                                          3      0.044  1.754E-02  7.119E-01  3.960E+01
                                          1      0.074  6.488E-03  2.881E-01  4.340E+01
  6   0.084550   3.5  1             3 u                  (7/2)+  0
                                          4      0.038  8.383E-03  7.796E-01  9.200E+01
                                          3      0.055  4.024E-03  6.349E-03  5.780E-01
                                          2      0.057  1.408E-03  2.141E-01  1.510E+02
  7   0.109940   4.5  1             3 u                  (9/2)+  0
                                          6      0.026  4.156E-03  8.394E-01  2.010E+02
                                          5      0.036  5.735E-04  1.588E-03  1.770E+00
                                          4      0.064  1.745E-03  1.590E-01  9.010E+01
  8   0.126860   4.5 -1             2 u                  (9/2)-  0
                                          5      0.053  2.529E-02  6.221E-01  2.360E+01
                                          3      0.097  2.841E-02  3.779E-01  1.230E+01
  9   0.148000   0.5  1             0 n                          0
 10   0.160000   2.5  1             0 n                          0
 11   0.187320   5.5  1             3 u                 (11/2+)  0
                                          8      0.061  9.992E-03  1.438E-02  4.390E-01
                                          7      0.077  1.136E-01  9.856E-01  7.680E+00
                                          6      0.103  0.000E+00  0.000E+00  9.380E+00
 12   0.198710   5.5 -1             2 u                 (11/2-)  0
                                          8      0.072  4.230E-02  4.446E-01  9.510E+00
                                          5      0.125  1.085E-01  5.554E-01  4.120E+00
 13   0.210780   6.5  1             2 u                 (13/2+)  0
                                         11      0.024  3.096E-03  7.833E-01  2.520E+02
                                          7      0.101  1.935E-02  2.167E-01  1.020E+01
 14   0.227000   4.5 -1             0 n                          0
 15   0.249000   3.5 -1             0 n                          0
 16   0.271290   6.5 -1             2 u                 (13/2-)  0
                                         12      0.073  4.850E-02  4.947E-01  9.200E+00
                                          8      0.144  1.564E-01  5.053E-01  2.230E+00
 17   0.273140   2.5 -1             5 u                  (5/2)-  0
                                          5      0.199  2.107E-02  7.494E-02  2.557E+00
                                          4      0.227  1.290E-02  1.380E-02  6.937E-02
                                          3      0.243  2.133E-01  3.924E-01  8.400E-01
                                          2      0.246  4.740E-02  5.011E-02  5.730E-02
                                          1      0.273  2.633E-01  4.687E-01  7.800E-01
 18   0.304730   2.5  1             4 u                  (5/2+)  0
                                          6      0.220  1.908E-02  5.599E-02  1.934E+00
                                          5      0.230  2.650E-04  2.828E-04  6.700E-02
                                          4      0.258  1.829E-01  4.093E-01  1.238E+00
                                          2      0.277  2.650E-01  5.344E-01  1.016E+00
 19   0.316000   3.5 -1             0 u                  (7/2-)  0
 20   0.330040   1.5 -1   7.00E-11  7 u                    3/2-  0
                                         17      0.057  1.059E-03  2.080E-02  1.864E+01
                                          6      0.246  7.063E-04  4.570E-03  5.470E+00
                                          5      0.256  9.976E-03  1.266E-02  2.690E-01
                                          4      0.284  1.523E-01  1.586E-01  4.140E-02
                                          3      0.300  2.207E-01  3.991E-01  8.080E-01
                                          2      0.303  2.009E-01  2.080E-01  3.580E-02
                                          1      0.330  1.249E-01  1.963E-01  5.710E-01
 21   0.342000   3.5  1             0 u                  (7/2+)  0
 22   0.354500   0.5 -1             3 u                    1/2-  0
                                         20      0.025  4.402E-03  9.993E-01  2.260E+02
                                          2      0.327  1.453E-04  1.496E-04  3.010E-02
                                          1      0.354  3.817E-04  5.792E-04  5.176E-01
 23   0.372000   4.5 -1             0 u                  (9/2-)  0
 24   0.387230   3.5 -1             8 u                    7/2-  0
                                         20      0.057  1.340E-03  2.037E-01  1.510E+02
                                          8      0.260  8.806E-02  1.391E-01  5.800E-01
                                          7      0.277  3.255E-02  5.008E-02  5.386E-01
                                          6      0.303  3.191E-01  3.305E-01  3.580E-02
                                          5      0.313  4.754E-02  6.276E-02  3.200E-01
                                          4      0.341  8.487E-02  9.421E-02  1.100E-01
                                          3      0.357  8.232E-02  1.194E-01  4.500E-01
                                          1      0.387  2.329E-04  2.513E-04  7.870E-02
 25   0.403000   4.5  1             0 u                  (9/2+)  0
 26   0.425590   2.5  1             5 u                    5/2+  0
                                          6      0.341  1.774E-01  2.793E-01  5.747E-01
                                          5      0.352  6.047E-02  6.202E-02  2.560E-02
                                          4      0.379  4.031E-01  5.402E-01  3.400E-01
                                          3      0.396  1.814E-02  1.850E-02  1.990E-02
                                          2      0.398  7.256E-02  1.000E-01  3.781E-01
 27   0.428400   0.5 -1             2 g                          0
                                          3      0.398  4.125E-01  4.426E-01  7.301E-02
                                          1      0.428  4.253E-01  5.574E-01  3.106E-01
 28   0.435190   0.5  1             3 u                  (1/2)+  0
                                          4      0.390  2.034E-02  2.191E-02  7.706E-02
                                          2      0.408  6.781E-01  9.181E-01  3.540E-01
                                          1      0.435  5.899E-02  5.995E-02  1.629E-02
 29   0.437960   2.5 -1             5 u                  (5/2-)  0
                                         24      0.051  2.191E-02  5.938E-01  2.610E+01
                                          5      0.364  1.107E-01  1.640E-01  4.823E-01
                                          4      0.392  1.107E-01  1.129E-01  2.030E-02
                                          2      0.410  4.538E-02  4.621E-02  1.840E-02
                                          1      0.438  6.419E-02  8.297E-02  2.926E-01
 30   0.469240   4.5  1             2 u                  (9/2+)  0
                                          7      0.359  4.777E-01  7.161E-01  4.990E-01
                                          6      0.385  2.007E-01  2.839E-01  4.148E-01
 31   0.501280   2.5 -1             5 c             (3/2-,5/2-)  0
                                         22      0.147  8.261E-02  2.544E-01  2.079E+00
                                         17      0.228  1.139E-01  3.135E-01  1.751E+00
                                          5      0.427  1.139E-04  1.496E-04  3.133E-01
                                          3      0.471  7.407E-02  9.187E-02  2.404E-01
                                          1      0.501  2.849E-01  3.401E-01  1.939E-01
 32   0.514360   1.5  1             3 u                  (3/2+)  0
                                         18      0.210  2.942E-02  9.437E-02  2.208E+00
                                          4      0.469  7.220E-02  8.984E-02  2.443E-01
                                          2      0.487  6.685E-01  8.158E-01  2.202E-01
 33   0.528000   6.5  1             0 u                 (13/2+)  0
 34   0.537000   1.5  1             3 u                  (3/2+)  0
                                         18      0.232  3.055E-01  8.141E-01  1.665E+00
                                          4      0.491  1.527E-01  1.857E-01  2.157E-01
                                          2      0.510  2.138E-04  2.534E-04  1.853E-01
 35   0.549000   3.5  1             0 n                          0
 36   0.562800   2.5  1             4 c             (3/2+,5/2+)  0
                                          6      0.478  1.600E-02  1.970E-02  2.310E-01
                                          5      0.487  5.227E-01  5.294E-01  1.295E-02
                                          4      0.516  2.667E-01  3.145E-01  1.794E-01
                                          2      0.536  1.173E-01  1.364E-01  1.625E-01
 37   0.577000   4.5 -1             0 u                  (9/2-)  0
 38   0.593000   6.5  1             0 u                 (13/2+)  0
 39   0.639100  -1.0  0             2                            0
                                          2      0.611  8.475E-01  8.475E-01  0.000E+00
                                          1      0.639  1.525E-01  1.525E-01  0.000E+00
 40   0.656400   3.5  1             4 u                  (7/2+)  0
                                          7      0.547  6.167E-02  7.116E-02  1.538E-01
                                          6      0.572  3.700E-02  4.205E-02  1.364E-01
                                          5      0.583  3.109E-01  3.136E-01  8.640E-03
                                          4      0.609  5.139E-01  5.732E-01  1.153E-01
 41   0.698600  -1.0  0             2                            0
                                          4      0.652  5.988E-01  5.988E-01  0.000E+00
                                          2      0.671  4.012E-01  4.012E-01  0.000E+00
 42   0.790200  -1.0  0             2                            0
                                          3      0.760  4.475E-01  4.475E-01  0.000E+00
                                          1      0.790  5.525E-01  5.525E-01  0.000E+00
 43   0.863600  -1.0  0             2                            0
                                          2      0.836  3.865E-01  3.865E-01  0.000E+00
                                          1      0.864  6.135E-01  6.135E-01  0.000E+00
 44   0.874700  -1.0  0             3                            0
                                          4      0.829  1.650E-01  1.650E-01  0.000E+00
                                          2      0.847  3.350E-01  3.350E-01  0.000E+00
                                          1      0.875  5.000E-01  5.000E-01  0.000E+00
 45   1.068000  -1.0  0             0                            0
 46   1.091000  -1.0  0             0                            0
228Ac  228   89    5    5    1    5    5.027000    5.571000
  1   0.000000   3.0  1   2.21E+04  0                        3+  1 =    100.0000 %B-    
  2   0.006280   1.0 -1             1                        1-  0
                                          1      0.006  0.000E+00  0.000E+00  7.080E+06
  3   0.006670   1.0  1             1                        1+  0
                                          1      0.007  0.000E+00  0.000E+00  1.610E+06
  4   0.020190   1.0 -1             1                        1-  0
                                          3      0.014  0.000E+00  0.000E+00  6.090E+00
  5   0.033070   1.0  1             2                        1+  0
                                          4      0.013  0.000E+00  0.000E+00  5.346E+00
                                          3      0.026  0.000E+00  0.000E+00  1.704E+02
229Ac  229   89   27    0   16    1    6.240000    5.510000
  1   0.000000   1.5  1   3.76E+03  0 u                  (3/2+)  1 =    100.0000 %B-    
  2   0.005000   2.5  1             0 u                  (5/2+)  0
  3   0.026000   4.5  1             0 u                  (9/2+)  0
  4   0.070000   1.5 -1             0 n                          0
  5   0.091000   6.5  1             0 u                 (13/2+)  0
  6   0.102000   1.5 -1             0 u                  (3/2-)  0
  7   0.120000   1.5 -1             0 n                          0
  8   0.151000   0.5  1             0 u                  (1/2+)  0
  9   0.165000   3.5 -1             0 u                  (7/2-)  0
 10   0.191000   1.5  1             0 u                  (3/2+)  0
 11   0.283000   3.5 -1             0 n                          0
 12   0.336000   1.5  1             0 u                  (3/2+)  0
 13   0.366000   2.5  1             0 u                  (5/2+)  0
 14   0.422000   1.5  1             0 n                          0
 15   0.464000   4.5  1             0 n                          0
 16   0.489000   1.5  1             0 n                          0
 17   0.598000  -1.0  0             0                            0
 18   0.623000  -1.0  0             0                            0
 19   0.654000  -1.0  0             0                            0
 20   0.670000  -1.0  0             0                            0
 21   0.825000  -1.0  0             0                            0
 22   0.930000  -1.0  0             0                            0
 23   1.004000  -1.0  0             0                            0
 24   1.021000  -1.0  0             0                            0
 25   1.111000  -1.0  0             0                            0
 26   1.167000  -1.0  0             0                            0
 27   1.249000  -1.0  0             0                            0
230Ac  230   89   19   39    1    1    5.030000    6.010000
  1   0.000000   1.0  1   1.22E+02  0                      (1+)  1 =    100.0000 %B-    
  2   0.009000  -1.0  0             0                            0
  3   0.072000  -1.0  0             2                            0
                                          2      0.063  2.593E-01  2.593E-01  0.000E+00
                                          1      0.072  7.407E-01  7.407E-01  0.000E+00
  4   0.101000  -1.0  0             2                            0
                                          2      0.092  5.682E-01  5.682E-01  0.000E+00
                                          1      0.101  4.318E-01  4.318E-01  0.000E+00
  5   0.151500  -1.0  0             1                            0
                                          1      0.152  0.000E+00  0.000E+00  0.000E+00
  6   0.198200  -1.0  0             2                            0
                                          2      0.189  8.333E-01  8.333E-01  0.000E+00
                                          1      0.198  1.667E-01  1.667E-01  0.000E+00
  7   0.211800  -1.0  0             3                            0
                                          4      0.111  6.817E-02  6.817E-02  0.000E+00
                                          2      0.203  6.817E-01  6.817E-01  0.000E+00
                                          1      0.212  2.502E-01  2.502E-01  0.000E+00
  8   0.264700  -1.0  0             2                            0
                                          3      0.193  4.652E-01  4.652E-01  0.000E+00
                                          2      0.256  5.348E-01  5.348E-01  0.000E+00
  9   0.285200  -1.0  0             2                            0
                                          4      0.184  3.873E-01  3.873E-01  0.000E+00
                                          1      0.285  6.127E-01  6.127E-01  0.000E+00
 10   0.292900  -1.0  0             2                            0
                                          5      0.141  1.379E-01  1.379E-01  0.000E+00
                                          1      0.293  8.621E-01  8.621E-01  0.000E+00
 11   0.346100  -1.0  0             2                            0
                                          7      0.134  4.444E-01  4.444E-01  0.000E+00
                                          6      0.148  5.556E-01  5.556E-01  0.000E+00
 12   0.375700  -1.0  0             3                            0
                                          6      0.178  5.505E-02  5.505E-02  0.000E+00
                                          4      0.275  9.174E-01  9.174E-01  0.000E+00
                                          1      0.376  2.752E-02  2.752E-02  0.000E+00
 13   0.395300  -1.0  0             2                            0
                                         11      0.049  6.667E-01  6.667E-01  0.000E+00
                                          6      0.197  3.333E-01  3.333E-01  0.000E+00
 14   0.457900  -1.0  0             3                            0
                                          6      0.260  9.045E-02  9.045E-02  0.000E+00
                                          2      0.449  4.070E-01  4.070E-01  0.000E+00
                                          1      0.458  5.025E-01  5.025E-01  0.000E+00
 15   0.478700  -1.0  0             3                            0
                                         11      0.133  0.000E+00  0.000E+00  0.000E+00
                                          2      0.470  5.464E-01  5.464E-01  0.000E+00
                                          1      0.479  4.536E-01  4.536E-01  0.000E+00
 16   0.536800  -1.0  0             2                            0
                                          9      0.252  8.921E-01  8.921E-01  0.000E+00
                                          1      0.537  1.079E-01  1.079E-01  0.000E+00
 17   0.581200  -1.0  0             4                            0
                                         10      0.288  1.014E-01  1.014E-01  0.000E+00
                                          9      0.296  1.216E-01  1.216E-01  0.000E+00
                                          8      0.316  1.014E-01  1.014E-01  0.000E+00
                                          3      0.509  6.757E-01  6.757E-01  0.000E+00
 18   0.591500  -1.0  0             2                            0
                                          5      0.440  6.542E-02  6.542E-02  0.000E+00
                                          4      0.491  9.346E-01  9.346E-01  0.000E+00
 19   0.635800  -1.0  0             2                            0
                                          6      0.438  1.379E-01  1.379E-01  0.000E+00
                                          5      0.484  8.621E-01  8.621E-01  0.000E+00
231Ac  231   89   26    9   16    1    5.720000    5.920000
  1   0.000000   0.5  1   4.50E+02  0 u                  (1/2+)  1 =    100.0000 %B-    
  2   0.038000   1.5  1             0 u                  (3/2+)  0
  3   0.038000   1.5 -1             0 u                  (3/2-)  0
  4   0.076000   4.5  1             0 u                  (9/2+)  0
  5   0.094000   3.5 -1             0 u                  (7/2-)  0
  6   0.135000   6.5  1             0 u                 (13/2+)  0
  7   0.162000   2.5  1             1 u                  (5/2+)  0
                                          1      0.162  0.000E+00  0.000E+00  1.407E+00
  8   0.235000   1.5  1             0 u                  (3/2+)  0
  9   0.257000   2.5  1             0 u                  (5/2+)  0
 10   0.305000   3.5 -1             0 n                          0
 11   0.350000   2.5 -1             0 n                          0
 12   0.377500   4.5  1             1 u                  (9/2+)  0
                                          7      0.216  0.000E+00  0.000E+00  4.831E-01
 13   0.420000   4.5  1             0 n                          0
 14   0.469000   2.5  1             0 n                          0
 15   0.641100   6.5  1             1 u                 (13/2+)  0
                                         12      0.264  0.000E+00  0.000E+00  2.445E-01
 16   0.671000   5.5 -1             0 u                 (11/2-)  0
 17   0.797000   2.5 -1             0 u                  (5/2-)  0
 18   0.947500   8.5  1             1 u                 (17/2+)  0
                                         15      0.306  0.000E+00  0.000E+00  1.530E-01
 19   1.021000  -1.0  0             0                            0
 20   1.100000  -1.0  0             0                            0
 21   1.126000  -1.0  0             0                            0
 22   1.289400  10.5  1             1 u                 (21/2+)  0
                                         18      0.342  0.000E+00  0.000E+00  1.111E-01
 23   1.662100  12.5  1             1 u                 (25/2+)  0
                                         22      0.373  0.000E+00  0.000E+00  8.735E-02
 24   2.062000  14.5  1             1 u                 (29/2+)  0
                                         23      0.400  0.000E+00  0.000E+00  7.229E-02
 25   2.484400  16.5  1             1 u                 (33/2+)  0
                                         24      0.422  0.000E+00  0.000E+00  6.265E-02
 26   2.925000  18.5  1             1 u                 (37/2+)  0
                                         25      0.441  0.000E+00  0.000E+00  5.623E-02
232Ac  232   89    4    6    1    1    4.840000    6.540000
  1   0.000000   1.0  1   1.19E+02  0                      (1+)  1 =    100.0000 %B-    
  2   0.007500  -1.0  0             1                            0
                                          1      0.008  1.000E+00  1.000E+00  0.000E+00
  3   0.105200  -1.0  0             2                    (0-,1)  0
                                          2      0.098  5.464E-01  5.464E-01  0.000E+00
                                          1      0.105  4.536E-01  4.536E-01  0.000E+00
  4   0.478500  -1.0  0             3                    (0-,1)  0
                                          3      0.373  2.684E-01  2.684E-01  0.000E+00
                                          2      0.471  4.329E-01  4.329E-01  0.000E+00
                                          1      0.479  2.987E-01  2.987E-01  0.000E+00
233Ac  233   89    1    0    1    1    5.720000    6.440001
  1   0.000000   0.5  1   1.45E+02  0                    (1/2+)  1 =    100.0000 %B-    
234Ac  234   89    1    0    1    1    4.470000    6.950000
  1   0.000000  -1.0  0   4.40E+01  0                            1 =    100.0000 %B-    
