225Np  225   93    1    0    1    1    0.000000    1.420000
  1   0.000000   4.5 -1   2.00E-06  0                    (9/2-)  1 =    100.0000 %A     
226Np  226   93    1    0    1    1    6.926000    1.938000
  1   0.000000  -1.0  0   3.50E-02  0                            1 =    100.0000 %A     
227Np  227   93    1    0    1    1    8.230000    2.060000
  1   0.000000  -1.0  0   5.10E-01  0                            1 =    100.0000 %A     
228Np  228   93    1    0    1    1    6.930000    2.590000
  1   0.000000  -1.0  0   6.14E+01  0                            2 =     60.0000 %EC     =     40.0000 %A     
229Np  229   93    1    0    1    1    0.000000    2.750000
  1   0.000000  -1.0  0   2.40E+02  0                            2 LT    50.0000 %EC     LT    50.0000 %A     
230Np  230   93    2    0    1    1    6.600000    3.250000
  1   0.000000  -1.0  0   2.76E+02  0                            2 LE    97.0000 %EC+%B+ GE     3.0000 %A     
  2   0.128000  -1.0  0             0                            0
231Np  231   93    1    0    1    1    7.680000    3.280000
  1   0.000000   2.5  0   2.93E+03  0                     (5/2)  2 =     98.0000 %EC     =      2.0000 %A     
232Np  232   93    2    0    1    1    6.340000    3.740000
  1   0.000000   4.0  1   8.82E+02  0                      (4+)  2 =    100.0000 %EC+%B+ =      0.0002 %A     
  2   0.050000   1.0  1             0                      (1+)  0
233Np  233   93   15   25    1    1    7.480000    3.950000
  1   0.000000   2.5  1   2.17E+03  0                    (5/2+)  2 =    100.0000 %EC     LE     0.0010 %A     
  2   0.034400   3.5  1             1                    (7/2+)  0
                                          1      0.034  0.000E+00  0.000E+00  1.167E+02
  3   0.050000   2.5 -1             0                    (5/2-)  0
  4   0.512500  -1.0  0             2                            0
                                          2      0.478  5.181E-01  5.181E-01  0.000E+00
                                          1      0.512  4.819E-01  4.819E-01  0.000E+00
  5   0.534700  -1.0  0             2                            0
                                          2      0.500  3.007E-01  3.007E-01  0.000E+00
                                          1      0.535  6.993E-01  6.993E-01  0.000E+00
  6   0.558700  -1.0  0             2                            0
                                          2      0.524  3.243E-01  3.243E-01  0.000E+00
                                          1      0.559  6.757E-01  6.757E-01  0.000E+00
  7   0.583400  -1.0  0             1                            0
                                          1      0.583  0.000E+00  0.000E+00  0.000E+00
  8   0.725900  -1.0  0             2                            0
                                          5      0.191  5.917E-01  5.917E-01  0.000E+00
                                          1      0.726  4.083E-01  4.083E-01  0.000E+00
  9   0.770000  -1.0  0             1                            0
                                          5      0.235  0.000E+00  0.000E+00  0.000E+00
 10   0.830900  -1.0  0             2                            0
                                          7      0.247  3.939E-01  3.939E-01  0.000E+00
                                          1      0.831  6.061E-01  6.061E-01  0.000E+00
 11   0.991800  -1.0  0             3                            0
                                          9      0.222  2.615E-01  2.615E-01  0.000E+00
                                          5      0.457  2.256E-01  2.256E-01  0.000E+00
                                          1      0.992  5.128E-01  5.128E-01  0.000E+00
 12   1.012400  -1.0  0             2                            0
                                          2      0.978  3.243E-01  3.243E-01  0.000E+00
                                          1      1.012  6.757E-01  6.757E-01  0.000E+00
 13   1.035300  -1.0  0             2                            0
                                          2      1.001  7.576E-01  7.576E-01  0.000E+00
                                          1      1.035  2.424E-01  2.424E-01  0.000E+00
 14   1.062600  -1.0  0             2                            0
                                          6      0.504  7.576E-01  7.576E-01  0.000E+00
                                          2      1.028  2.424E-01  2.424E-01  0.000E+00
 15   1.243300  -1.0  0             3                            0
                                         14      0.181  2.778E-01  2.778E-01  0.000E+00
                                         13      0.207  5.556E-01  5.556E-01  0.000E+00
                                          9      0.473  1.667E-01  1.667E-01  0.000E+00
234Np  234   93    1    0    1    1    6.060000    4.252000
  1   0.000000   0.0  1   3.80E+05  0                      (0+)  1 =    100.0000 %EC+%B+
235Np  235   93   36   13   31    1    6.984000    4.391800
  1   0.000000   2.5  1   3.42E+07  0 u                    5/2+  2 =    100.0000 %EC     =      0.0026 %A     
  2   0.034230   3.5  1             1 u                  (7/2)+  0
                                          1      0.034  8.374E-03  1.000E+00  1.184E+02
  3   0.049100   2.5 -1   6.90E-09  1 u                  (5/2)-  0
                                          1      0.049  5.578E-01  1.000E+00  7.927E-01
  4   0.079100   4.5  1             0 u                  (9/2+)  0
  5   0.091600   3.5 -1             0 u                  (7/2)-  0
  6   0.133000   5.5  1             0 u                 (11/2)+  0
  7   0.146800   4.5 -1             0 u                  (9/2)-  0
  8   0.200000   6.5  1             0 u                 (13/2)+  0
  9   0.352000   1.5 -1             0 u                  (3/2-)  0
 10   0.371000   0.5 -1             0 u                  (1/2-)  0
 11   0.408000   3.5 -1             0 u                  (7/2-)  0
 12   0.441000   2.5 -1             0 u                  (5/2-)  0
 13   0.520000   5.5 -1             0 u                 (11/2-)  0
 14   0.565000   1.5 -1             0 u                  (3/2-)  0
 15   0.602000   2.5 -1             0 u                  (5/2-)  0
 16   0.644000   3.5 -1             0 u                  (7/2-)  0
 17   0.700000   4.5 -1             0 u                  (9/2-)  0
 18   0.756400   2.5 -1             2 c           (3/2,5/2,7/2)  0
                                          2      0.722  9.841E-03  9.906E-03  6.652E-03
                                          1      0.756  9.841E-01  9.901E-01  6.117E-03
 19   0.761000   5.5 -1             0 u                 (11/2-)  0
 20   0.779500   2.5  1             2 c           (3/2,5/2,7/2)  0
                                          2      0.745  6.494E-01  7.113E-01  9.527E-02
                                          1      0.780  2.662E-01  2.887E-01  8.451E-02
 21   0.819000   3.5 -1             2 c              (5/2+,7/2)  0
                                          4      0.740  6.212E-01  6.252E-01  6.368E-03
                                          2      0.785  3.727E-01  3.748E-01  5.722E-03
 22   0.834000   2.5  1             0 u                    5/2+  0
 23   0.870000   3.5 -1             0 n                          0
 24   0.922000   3.5 -1             0 u                  (7/2-)  0
 25   0.936800   3.5  1             3 c              (5/2+,7/2)  0
                                          4      0.858  2.577E-01  2.746E-01  6.559E-02
                                          2      0.903  4.296E-01  4.542E-01  5.737E-02
                                          1      0.937  2.577E-01  2.711E-01  5.202E-02
 26   0.944500   2.5  1             2 c           (3/2,5/2,7/2)  0
                                          2      0.910  5.614E-01  5.929E-01  5.613E-02
                                          1      0.945  3.874E-01  4.071E-01  5.086E-02
 27   0.962000   0.5  1             0 n                          0
 28   0.978000   4.5 -1             0 u                  (9/2-)  0
 29   0.998000   0.5 -1             0 n                          0
 30   1.024000   4.5  1             0 n                          0
 31   1.064000   4.5 -1             0 u                  (9/2-)  0
 32   1.117000  -1.0  0             0                            0
 33   1.160000   6.5  1             0 u                 (13/2+)  0
 34   1.260000   2.5  1             0 u                    5/2+  0
 35   1.293000  -1.0  0             0                            0
 36   1.818000   2.5  1             0 u                    5/2+  0
236Np  236   93    4    0    1    1    5.740000    4.830000
  1   0.000000   6.0 -1   4.83E+12  0                      (6-)  3 =     86.3000 %EC     =      0.1600 %A      =     13.5000 %B-    
  2   0.231000   3.0 -1             0                      (3-)  0
  3   0.273000   4.0 -1             0                      (4-)  0
  4   0.324000   5.0 -1             0                      (5-)  0
237Np  237   93  106  193   37   13    6.580000    4.862020
  1   0.000000   2.5  1   6.77E+13  0 u                    5/2+  2 =    100.0000 %A      LE     0.0000 %SF    
  2   0.033196   3.5  1   5.40E-11  1 u                    7/2+  0
                                          1      0.033  5.376E-03  1.000E+00  1.850E+02
  3   0.059541   2.5 -1   6.70E-08  2 u                    5/2-  0
                                          2      0.026  2.422E-02  2.180E-01  8.000E+00
                                          1      0.060  3.620E-01  7.820E-01  1.160E+00
  4   0.075899   4.5  1   2.80E-11  2 u                    9/2+  0
                                          2      0.043  1.148E-02  9.298E-01  8.000E+01
                                          1      0.076  1.263E-03  7.017E-02  5.457E+01
  5   0.102959   3.5 -1   8.00E-11  4 u                    7/2-  0
                                          4      0.027  0.000E+00  0.000E+00  3.791E+00
                                          3      0.043  5.940E-03  9.979E-01  1.670E+02
                                          2      0.070  2.376E-04  3.174E-04  3.360E-01
                                          1      0.103  1.604E-03  1.798E-03  1.210E-01
  6   0.129990   5.5  1             2 u                   11/2+  0
                                          4      0.054  0.000E+00  0.000E+00  3.306E+01
                                          2      0.097  0.000E+00  0.000E+00  1.704E+01
  7   0.158497   4.5 -1             3 u                    9/2-  0
                                          5      0.056  1.150E-02  7.821E-01  6.700E+01
                                          3      0.099  1.292E-02  2.145E-01  1.560E+01
                                          2      0.125  2.597E-03  3.392E-03  3.057E-01
  8   0.191530   6.5  1             1 u                   13/2+  0
                                          4      0.116  1.159E-01  1.000E+00  7.627E+00
  9   0.225957   5.5 -1             3 u                   11/2-  0
                                          7      0.067  2.056E-02  6.579E-01  3.100E+01
                                          5      0.123  4.895E-02  3.378E-01  5.900E+00
                                          4      0.150  3.622E-03  4.345E-03  1.995E-01
 10   0.267556   1.5 -1   5.20E-09  4 u                    3/2-  0
                                          5      0.165  1.914E-02  5.244E-02  1.740E+00
                                          3      0.208  2.225E-01  9.302E-01  3.180E+00
                                          2      0.234  1.847E-04  1.784E-03  8.660E+00
                                          1      0.268  7.388E-03  1.559E-02  1.110E+00
 11   0.268800   7.5  1             1 u                   15/2+  0
                                          6      0.139  2.210E-01  1.000E+00  3.525E+00
 12   0.281356   0.5 -1             2 u                    1/2-  0
                                         10      0.014  1.900E-03  9.861E-01  5.180E+02
                                          3      0.222  8.879E-03  1.385E-02  5.600E-01
 13   0.305050   6.5 -1             2 u                   13/2-  0
                                          7      0.147  2.601E-01  9.885E-01  2.800E+00
                                          6      0.175  1.014E-02  1.155E-02  1.384E-01
 14   0.316800   4.5  1             1 g                          0
                                          1      0.317  8.525E-01  1.000E+00  1.730E-01
 15   0.324420   3.5 -1             5 u                  (7/2-)  0
                                          7      0.166  6.609E-02  4.720E-01  6.141E+00
                                          5      0.221  1.208E-01  4.493E-01  2.718E+00
                                          4      0.249  1.571E-03  1.667E-03  6.146E-02
                                          3      0.265  2.562E-02  6.790E-02  1.651E+00
                                          2      0.291  8.820E-03  9.202E-03  4.332E-02
 16   0.332376   0.5  1   1.00E-09  3 u                    1/2+  0
                                         12      0.051  8.975E-02  1.586E-01  7.670E-01
                                         10      0.065  3.387E-01  4.769E-01  4.080E-01
                                          1      0.332  3.170E-01  3.646E-01  1.500E-01
 17   0.347620   8.5  1             1 u                   17/2+  0
                                          8      0.156  3.161E-01  1.000E+00  2.164E+00
 18   0.359700   2.5 -1             1 u                  (5/2-)  0
                                          3      0.300  4.612E-01  1.000E+00  1.168E+00
 19   0.368602   2.5  1             4 u                    5/2+  0
                                          4      0.293  1.146E-02  1.398E-02  2.204E-01
                                          3      0.309  1.122E-03  1.164E-03  3.804E-02
                                          2      0.335  4.006E-01  6.971E-01  7.400E-01
                                          1      0.369  1.755E-01  2.878E-01  6.400E-01
 20   0.370928   1.5  1             3 u                    3/2+  0
                                         16      0.039  0.000E+00  0.000E+00  4.920E+02
                                          2      0.338  4.929E-02  5.633E-02  1.430E-01
                                          1      0.371  6.011E-01  9.437E-01  5.700E-01
 21   0.395530   7.5 -1             2 u                   15/2-  0
                                          9      0.170  3.893E-01  9.928E-01  1.550E+00
                                          8      0.204  6.541E-03  7.176E-03  9.705E-02
 22   0.418200   2.5  1             0 n                          0
 23   0.434120   5.5 -1             5 u                 (11/2-)  0
                                         15      0.110  6.907E-02  7.370E-01  9.670E+00
                                         13      0.129  0.000E+00  0.000E+00  1.250E+01
                                          7      0.276  9.334E-02  2.312E-01  1.477E+00
                                          6      0.304  1.400E-02  1.455E-02  3.939E-02
                                          4      0.358  1.680E-02  1.727E-02  2.767E-02
 24   0.444780   4.5 -1             1 g                          0
                                         15      0.120  6.127E-02  1.000E+00  1.532E+01
 25   0.452520   9.5  1             2 u                   19/2+  0
                                         17      0.105  1.542E-01  8.885E-01  4.762E+00
                                         11      0.184  5.243E-02  1.115E-01  1.127E+00
 26   0.452545   4.5  1             5 u                    9/2+  0
                                          8      0.261  2.238E-03  2.954E-03  3.201E-01
                                          6      0.323  2.830E-01  4.952E-01  7.500E-01
                                          4      0.377  2.572E-01  4.185E-01  6.270E-01
                                          2      0.419  5.351E-02  7.856E-02  4.682E-01
                                          1      0.453  4.476E-03  4.766E-03  6.489E-02
 27   0.459693   3.5  1             4 u                    7/2+  0
                                         15      0.135  0.000E+00  0.000E+00  2.546E-01
                                          4      0.384  3.297E-01  5.259E-01  5.954E-01
                                          2      0.426  2.875E-01  4.160E-01  4.473E-01
                                          1      0.460  4.252E-02  5.805E-02  3.650E-01
 28   0.486210   4.5 -1             2 u                  (9/2-)  0
                                         15      0.162  1.314E-01  1.000E+00  6.612E+00
                                          9      0.261  0.000E+00  0.000E+00  1.723E+00
 29   0.497010   8.5 -1             2 u                   17/2-  0
                                         21      0.101  6.236E-02  3.907E-01  5.266E+00
                                         13      0.192  3.118E-01  6.093E-01  9.541E-01
 30   0.514190   1.5 -1             5 u                  (3/2-)  0
                                         18      0.154  1.239E-02  1.058E-01  7.537E+00
                                         12      0.233  1.068E-01  3.593E-01  2.364E+00
                                         10      0.247  5.554E-02  1.672E-01  2.010E+00
                                          3      0.455  2.232E-01  3.072E-01  3.760E-01
                                          1      0.514  5.981E-02  6.057E-02  1.269E-02
 31   0.544800  10.5  1             1 u                   21/2+  0
                                         17      0.197  5.362E-01  1.000E+00  8.651E-01
 32   0.546120   2.5 -1             4 u                  (5/2-)  0
                                         12      0.265  0.000E+00  0.000E+00  3.040E-01
                                         10      0.278  1.468E-01  3.587E-01  1.443E+00
                                          2      0.513  3.863E-01  3.913E-01  1.276E-02
                                          1      0.545  2.472E-01  2.500E-01  1.130E-02
 33   0.590090   3.5 -1             3 u                  (7/2-)  0
                                         10      0.323  0.000E+00  0.000E+00  1.640E-01
                                          5      0.487  1.271E-01  1.667E-01  3.118E-01
                                          1      0.590  8.253E-01  8.333E-01  9.698E-03
 34   0.592330   6.5  1             5 u                   13/2+  0
                                         26      0.139  1.905E-01  8.469E-01  3.447E+00
                                         23      0.159  4.952E-02  5.812E-02  1.738E-01
                                         21      0.197  1.752E-02  1.937E-02  1.053E-01
                                          8      0.401  1.752E-02  2.678E-02  5.286E-01
                                          6      0.463  3.600E-02  4.886E-02  3.575E-01
 35   0.597990   5.5  1             4 u                   11/2+  0
                                         27      0.139  0.000E+00  0.000E+00  3.547E+00
                                          8      0.406  2.019E-01  3.049E-01  5.099E-01
                                          6      0.468  4.038E-01  5.442E-01  3.475E-01
                                          4      0.522  1.212E-01  1.509E-01  2.457E-01
 36   0.609300   9.5 -1             2 u                   19/2-  0
                                         29      0.113  1.223E-01  5.986E-01  3.896E+00
                                         21      0.214  2.445E-01  4.014E-01  6.415E-01
 37   0.618000   8.5 -1             0 n                          0
 38   0.646030   4.5 -1             2 u                  (9/2-)  0
                                          7      0.487  0.000E+00  0.000E+00  3.118E-01
                                          3      0.587  9.690E-01  1.000E+00  3.197E-02
 39   0.666190  -1.0  0             4               (5/2+,7/2-)  0
                                         10      0.399  5.336E-01  5.336E-01  0.000E+00
                                          4      0.590  0.000E+00  0.000E+00  0.000E+00
                                          2      0.633  3.356E-01  3.356E-01  0.000E+00
                                          1      0.667  1.309E-01  1.309E-01  0.000E+00
 40   0.681630  11.5  1             2 u                   23/2+  0
                                         31      0.137  8.398E-02  9.774E-01  1.064E+01
                                         25      0.229  1.512E-02  2.264E-02  4.975E-01
 41   0.709000   5.5 -1             0 u                 (11/2-)  0
 42   0.721961   2.5 -1             6 u                    5/2-  0
                                         10      0.455  0.000E+00  0.000E+00  3.760E-01
                                          7      0.563  1.025E-03  1.060E-03  3.489E-02
                                          5      0.619  8.351E-02  9.653E-02  1.559E-01
                                          3      0.662  5.123E-01  5.790E-01  1.302E-01
                                          2      0.689  4.560E-02  4.593E-02  7.256E-03
                                          1      0.722  2.756E-01  2.775E-01  6.656E-03
 43   0.731700  10.5 -1             2 u                   21/2-  0
                                         36      0.123  5.153E-02  7.968E-01  1.446E+01
                                         29      0.235  1.393E-01  2.032E-01  4.592E-01
 44   0.755685   3.5 -1             6 u                    7/2-  0
                                          7      0.597  1.090E-01  1.276E-01  1.713E-01
                                          5      0.653  5.531E-01  6.279E-01  1.352E-01
                                          4      0.680  4.425E-02  4.458E-02  7.427E-03
                                          3      0.697  7.854E-02  8.749E-02  1.139E-01
                                          2      0.722  0.000E+00  0.000E+00  6.656E-03
                                          1      0.756  1.117E-01  1.124E-01  6.125E-03
 45   0.758000  -1.0  0             0                            0
 46   0.770570  -1.0  0             3                            0
                                         15      0.446  3.695E-02  3.695E-02  0.000E+00
                                          2      0.737  6.057E-01  6.057E-01  0.000E+00
                                          1      0.771  3.574E-01  3.574E-01  0.000E+00
 47   0.784100  12.5  1             1 u                   25/2+  0
                                         31      0.239  7.000E-01  1.000E+00  4.286E-01
 48   0.799820   4.5 -1             5 u                    9/2-  0
                                          9      0.574  8.496E-02  1.012E-01  1.907E-01
                                          7      0.641  4.720E-01  5.389E-01  1.418E-01
                                          6      0.670  2.549E-02  2.568E-02  7.639E-03
                                          5      0.697  0.000E+00  0.000E+00  1.139E-01
                                          2      0.767  3.323E-01  3.343E-01  5.966E-03
 49   0.805770  -1.0  0             4               (7/2+,9/2+)  0
                                          6      0.676  1.292E-01  1.292E-01  0.000E+00
                                          4      0.730  2.693E-01  2.693E-01  0.000E+00
                                          2      0.772  5.385E-01  5.385E-01  0.000E+00
                                          1      0.806  6.300E-02  6.300E-02  0.000E+00
 50   0.823000  -1.0  0             0                            0
 51   0.853360   5.5 -1             2 u                   11/2-  0
                                         15      0.529  4.093E-01  4.257E-01  3.996E-02
                                          9      0.627  4.992E-01  5.743E-01  1.505E-01
 52   0.861650  -1.0  0             4                (5/2+,7/2)  0
                                          4      0.786  2.266E-01  2.266E-01  0.000E+00
                                          3      0.802  4.926E-01  4.926E-01  0.000E+00
                                          2      0.829  8.867E-02  8.867E-02  0.000E+00
                                          1      0.863  1.921E-01  1.921E-01  0.000E+00
 53   0.863000  11.5 -1             2 u                   23/2-  0
                                         43      0.132  7.664E-02  9.813E-01  1.180E+01
                                         36      0.253  1.379E-02  1.866E-02  3.524E-01
 54   0.906000  -1.0  0             0                            0
 55   0.914000  -1.0  0             0                            0
 56   0.920880  -1.0  0             3                            0
                                          3      0.861  1.659E-01  1.659E-01  0.000E+00
                                          2      0.887  4.484E-01  4.484E-01  0.000E+00
                                          1      0.922  3.857E-01  3.857E-01  0.000E+00
 57   0.945200  -1.0  0   7.10E-07  6                11/2, 13/2  0
                                         13      0.640  1.211E-01  1.211E-01  0.000E+00
                                         11      0.676  1.982E-02  1.982E-02  0.000E+00
                                          9      0.719  1.505E-01  1.505E-01  0.000E+00
                                          8      0.754  1.762E-01  1.762E-01  0.000E+00
                                          7      0.787  1.652E-01  1.652E-01  0.000E+00
                                          6      0.815  3.671E-01  3.671E-01  0.000E+00
 58   0.946000  -1.0  0             0                            0
 59   0.955900  13.5  1             2 u                   27/2+  0
                                         47      0.172  1.421E-01  9.314E-01  5.556E+00
                                         40      0.274  5.399E-02  6.863E-02  2.712E-01
 60   0.961000  -1.0  0             0                            0
 61   0.963000  -1.0  0             0                            0
 62   0.984000  -1.0  0             0                            0
 63   1.004900  12.5 -1             2 u                   25/2-  0
                                         53      0.143  6.680E-02  6.956E-01  9.413E+00
                                         43      0.273  2.386E-01  3.044E-01  2.757E-01
 64   1.013000  -1.0  0             0                            0
 65   1.020000  -1.0  0             0                            0
 66   1.030000  -1.0  0             0                            0
 67   1.040000  -1.0  0             0                            0
 68   1.064600  14.5  1             1 u                   29/2+  0
                                         47      0.280  7.981E-01  1.000E+00  2.529E-01
 69   1.066000  -1.0  0             0                            0
 70   1.072000  -1.0  0             0                            0
 71   1.112000  -1.0  0             0                            0
 72   1.137000  -1.0  0             0                            0
 73   1.151300  13.5 -1             2 u                   27/2-  0
                                         63      0.146  1.001E-01  9.828E-01  8.819E+00
                                         53      0.290  1.401E-02  1.720E-02  2.275E-01
 74   1.274400  15.5  1             2 u                   31/2+  0
                                         68      0.210  1.858E-01  7.736E-01  3.164E+00
                                         59      0.319  1.935E-01  2.264E-01  1.701E-01
 75   1.312700  14.5 -1             2 u                   29/2-  0
                                         73      0.161  8.554E-02  6.616E-01  6.735E+00
                                         63      0.309  2.851E-01  3.384E-01  1.869E-01
 76   1.384300  16.5  1             1 u                   33/2+  0
                                         68      0.320  8.560E-01  1.000E+00  1.682E-01
 77   1.473700  15.5 -1             2 u                   31/2-  0
                                         75      0.161  1.262E-01  9.686E-01  6.675E+00
                                         73      0.322  2.696E-02  3.140E-02  1.645E-01
 78   1.634200  17.5  1             2 u                   35/2+  0
                                         76      0.250  2.200E-01  6.482E-01  1.947E+00
                                         74      0.360  3.143E-01  3.518E-01  1.196E-01
 79   1.653400  16.5 -1             2 u                   33/2-  0
                                         77      0.180  1.081E-01  6.379E-01  4.904E+00
                                         75      0.341  3.178E-01  3.621E-01  1.393E-01
 80   1.743800  18.5  1             1 u                   37/2+  0
                                         76      0.360  8.931E-01  1.000E+00  1.198E-01
 81   1.824500  17.5 -1             1 u                   35/2-  0
                                         77      0.351  8.861E-01  1.000E+00  1.286E-01
 82   2.024000  18.5 -1             2 u                   37/2-  0
                                         81      0.199  1.426E-01  6.632E-01  3.650E+00
                                         79      0.371  3.034E-01  3.368E-01  1.098E-01
 83   2.034800  19.5  1             2 u                   39/2+  0
                                         80      0.291  1.888E-01  4.288E-01  1.271E+00
                                         78      0.400  5.244E-01  5.712E-01  8.916E-02
 84   2.139900  20.5  1             1 u                   41/2+  0
                                         80      0.396  9.160E-01  1.000E+00  9.172E-02
 85   2.200900  19.5 -1             1 u                   39/2-  0
                                         81      0.376  9.047E-01  1.000E+00  1.054E-01
 86   2.422900  20.5 -1             1 u                   41/2-  0
                                         82      0.399  9.174E-01  1.000E+00  9.000E-02
 87   2.473400  21.5  1             2 u                   43/2+  0
                                         84      0.334  1.485E-01  2.778E-01  8.711E-01
                                         83      0.439  6.748E-01  7.222E-01  7.030E-02
 88   2.571400  22.5  1             1 u                   45/2+  0
                                         84      0.431  9.317E-01  1.000E+00  7.329E-02
 89   2.601900  21.5 -1             1 u                   43/2-  0
                                         85      0.401  9.185E-01  1.000E+00  8.875E-02
 90   2.800000  -1.0  0   4.50E-08  0                            1 LE   100.0000 %SF    
 91   2.848800  22.5 -1             1 u                   45/2-  0
                                         86      0.426  9.296E-01  1.000E+00  7.576E-02
 92   2.947700  23.5  1             2 u                   47/2+  0
                                         88      0.376  3.011E-01  4.905E-01  6.292E-01
                                         87      0.474  4.817E-01  5.095E-01  5.774E-02
 93   3.028600  23.5 -1             1 u                   47/2-  0
                                         89      0.427  9.299E-01  1.000E+00  7.539E-02
 94   3.036100  24.5  1             1 u                   49/2+  0
                                         88      0.465  9.427E-01  1.000E+00  6.076E-02
 95   3.301200  24.5 -1             1 u                   49/2-  0
                                         91      0.452  9.390E-01  1.000E+00  6.496E-02
 96   3.455700  25.5  1             2 u                   51/2+  0
                                         94      0.422  3.616E-01  5.283E-01  4.611E-01
                                         92      0.508  4.519E-01  4.717E-01  4.377E-02
 97   3.481400  25.5 -1             1 u                   51/2-  0
                                         93      0.453  9.391E-01  1.000E+00  6.482E-02
 98   3.532600  26.5  1             1 u                   53/2+  0
                                         94      0.497  9.508E-01  1.000E+00  5.170E-02
 99   3.780100  26.5 -1             1 u                   53/2-  0
                                         95      0.479  9.466E-01  1.000E+00  5.642E-02
100   3.961600  27.5 -1             1 u                   55/2-  0
                                         97      0.480  9.469E-01  1.000E+00  5.605E-02
101   3.994400  27.5  1             1 u                   55/2+  0
                                         96      0.539  9.630E-01  1.000E+00  3.842E-02
102   4.059200  28.5  1             1 u                   57/2+  0
                                         98      0.527  9.612E-01  1.000E+00  4.039E-02
103   4.287800  28.5 -1             1 u                 (57/2-)  0
                                         99      0.507  9.580E-01  1.000E+00  4.388E-02
104   4.469600  29.5 -1             1 u                 (59/2-)  0
                                        100      0.509  9.582E-01  1.000E+00  4.367E-02
105   4.564500  29.5  1             1 u                   59/2+  0
                                        101      0.570  9.671E-01  1.000E+00  3.397E-02
106   4.614600  30.5  1             1 u                   61/2+  0
                                        102      0.555  9.653E-01  1.000E+00  3.594E-02
238Np  238   93  130  124   79   13    5.488090    5.224300
  1   0.000000   2.0  1   1.83E+05  0 u                      2+  0
  2   0.026427   3.0  1             1 u                      3+  0
                                          1      0.026  0.000E+00  0.000E+00  3.540E+02
  3   0.062330   4.0  1             2 u                      4+  0
                                          2      0.036  5.973E-03  6.822E-03  1.420E-01
                                          1      0.062  7.197E-03  9.932E-01  1.370E+02
  4   0.086674   3.0  1             3 u                      3+  0
                                          3      0.024  1.548E-04  5.403E-02  3.480E+02
                                          2      0.060  1.637E-02  4.174E-01  2.450E+01
                                          1      0.087  5.529E-02  5.286E-01  8.560E+00
  5   0.106155   5.0  1             2 u                      5+  0
                                          3      0.044  1.187E-02  8.333E-01  6.920E+01
                                          2      0.080  3.798E-03  1.667E-01  4.290E+01
  6   0.121645   4.0  1             4 u                      4+  0
                                          4      0.035  7.494E-03  8.918E-01  1.180E+02
                                          3      0.059  7.494E-04  1.956E-02  2.510E+01
                                          2      0.095  4.190E-03  3.067E-02  6.320E+00
                                          1      0.122  8.058E-03  5.794E-02  6.190E+00
  7   0.136045   3.0 -1   6.00E-09  4 u                      3-  0
                                          4      0.049  4.738E-01  8.661E-01  8.280E-01
                                          3      0.074  2.701E-02  3.484E-02  2.900E-01
                                          2      0.110  4.738E-02  5.226E-02  1.030E-01
                                          1      0.136  3.743E-02  4.682E-02  2.510E-01
  8   0.161685   6.0  1             0 u                      6+  0
  9   0.165532   5.0  1             2 u                      5+  0
                                          6      0.044  0.000E+00  0.000E+00  6.980E+01
                                          2      0.139  0.000E+00  0.000E+00  2.500E-01
 10   0.179154   4.0 -1             3 u                      4-  0
                                          7      0.043  1.194E-02  8.322E-01  6.870E+01
                                          4      0.092  5.191E-02  6.012E-02  1.580E-01
                                          2      0.153  9.033E-02  1.076E-01  1.917E-01
 11   0.182878   2.0 -1             4 u                      2-  0
                                          7      0.047  4.181E-03  2.245E-01  5.270E+01
                                          4      0.096  0.000E+00  0.000E+00  1.464E-01
                                          2      0.156  1.589E-01  1.876E-01  1.810E-01
                                          1      0.183  5.226E-01  5.879E-01  1.250E-01
 12   0.215522   3.0 -1             5 u                      3-  0
                                         11      0.033  1.998E-03  2.837E-01  1.410E+02
                                          7      0.079  1.311E-02  5.716E-01  4.260E+01
                                          3      0.153  3.309E-02  3.937E-02  1.900E-01
                                          2      0.189  3.371E-02  3.762E-02  1.160E-01
                                          1      0.216  6.243E-02  6.773E-02  8.500E-02
 13   0.217949   0.0 -1             2 u                      0-  0
                                         11      0.035  3.895E-04  8.691E-01  2.230E+03
                                          1      0.218  1.082E-02  1.309E-01  1.110E+01
 14   0.218700   6.0  1             1 u                    (6+)  0
                                          9      0.053  0.000E+00  0.000E+00  3.810E+01
 15   0.232828   5.0 -1             3 u                      5-  0
                                         10      0.054  1.305E-02  6.671E-01  5.010E+01
                                          7      0.097  1.110E-02  2.031E-01  1.730E+01
                                          6      0.111  6.527E-02  1.299E-01  9.900E-01
 16   0.243959   1.0  1             1 u                    (1)+  0
                                          1      0.244  0.000E+00  0.000E+00  2.060E+00
 17   0.246400   3.0  1             0 c                  1 TO 4  0
 18   0.250330   1.0  1             1 u                    (1+)  0
                                          1      0.250  0.000E+00  0.000E+00  1.931E+00
 19   0.250390   2.0 -1             2 u                    (2)-  0
                                          2      0.224  3.776E-01  4.072E-01  7.830E-02
                                          1      0.250  5.589E-01  5.928E-01  6.069E-02
 20   0.258853   4.0 -1             6 u                      4-  0
                                         12      0.043  2.151E-03  3.463E-01  1.600E+02
                                         11      0.076  2.976E-03  1.610E-01  5.310E+01
                                          7      0.123  8.929E-03  1.384E-01  1.450E+01
                                          5      0.153  1.542E-01  1.838E-01  1.917E-01
                                          3      0.196  2.300E-02  2.544E-02  1.060E-01
                                          2      0.232  1.353E-01  1.450E-01  7.190E-02
 21   0.275519   5.0  1             1 u                      5+  0
                                          6      0.154  1.164E-01  1.000E+00  7.593E+00
 22   0.277641   2.0  1             2 u                    (2)+  0
                                          2      0.251  1.847E-01  2.585E-01  4.000E-01
                                          1      0.278  3.027E-01  7.415E-01  1.449E+00
 23   0.285800   4.0  1             0 c                  1 TO 4  0
 24   0.297030   6.0 -1             2 u                    (6-)  0
                                          9      0.131  5.859E-01  7.456E-01  2.725E-01
                                          5      0.191  2.285E-01  2.544E-01  1.133E-01
 25   0.298368   3.0  1             4 u                      3+  0
                                         16      0.054  9.337E-04  2.512E-01  2.680E+02
                                          3      0.236  1.415E-01  4.626E-01  2.270E+00
                                          2      0.272  1.019E-01  2.577E-01  1.530E+00
                                          1      0.298  1.302E-02  2.850E-02  1.190E+00
 26   0.299230   3.0  1             3 u                    (3+)  0
                                          3      0.237  1.515E-01  4.923E-01  2.248E+00
                                          2      0.273  1.228E-01  3.096E-01  1.522E+00
                                          1      0.299  9.093E-02  1.981E-01  1.178E+00
 27   0.299788   1.0 -1             1 u                    (1)-  0
                                         11      0.117  2.223E-01  1.000E+00  3.499E+00
 28   0.300680   1.0 -1             3 c               1-,2,3,4-  0
                                         12      0.085  0.000E+00  0.000E+00  3.194E+01
                                         11      0.117  0.000E+00  0.000E+00  3.474E+00
                                          7      0.165  0.000E+00  0.000E+00  1.739E+00
 29   0.300743   6.0 -1             5 u                    (6-)  0
                                         15      0.068  4.890E-02  8.745E-01  1.688E+01
                                         10      0.121  0.000E+00  0.000E+00  6.273E+00
                                          9      0.135  8.289E-02  1.040E-01  2.551E-01
                                          8      0.139  1.741E-03  2.156E-03  2.384E-01
                                          5      0.195  1.741E-02  1.929E-02  1.084E-01
 30   0.305400   3.0 -1             0 c                1- TO 4-  0
 31   0.312704   5.0 -1             5 u                      5-  0
                                         20      0.054  1.470E-03  6.322E-02  4.200E+01
                                         12      0.097  4.705E-03  8.440E-02  1.694E+01
                                          8      0.151  4.411E-02  7.807E-01  1.670E+01
                                          7      0.177  1.470E-02  3.407E-02  1.317E+00
                                          3      0.250  3.543E-02  3.759E-02  6.071E-02
 32   0.315063   4.0  1             3 c                   4+,5+  0
                                         15      0.082  4.670E-01  6.211E-01  3.300E-01
                                         10      0.136  1.634E-01  2.046E-01  2.518E-01
                                          7      0.179  1.541E-01  1.744E-01  1.314E-01
 33   0.324314   4.0 -1             1 u                    (4)-  0
                                         12      0.109  0.000E+00  0.000E+00  4.300E+00
 34   0.325210   1.0 -1             2 u                      1-  0
                                         13      0.107  7.932E-02  4.346E-01  4.479E+00
                                         11      0.142  5.394E-02  5.654E-01  9.483E+00
 35   0.328600   6.0  1             1 u                      6+  0
                                          9      0.163  0.000E+00  0.000E+00  6.418E+00
 36   0.334000   2.0 -1             0 c                1- TO 3-  0
 37   0.342439   5.0 -1             4 u                      5-  0
                                         21      0.067  6.392E-02  8.782E-02  3.740E-01
                                         15      0.110  7.907E-02  4.119E-01  4.209E+00
                                         10      0.163  6.589E-02  4.887E-01  6.417E+00
                                          7      0.206  6.721E-03  1.161E-02  7.277E-01
 38   0.348800   2.0 -1             0 c                1- TO 3-  0
 39   0.352460   3.0 -1             2 u                    (3)-  0
                                         27      0.053  1.353E-03  4.270E-01  3.147E+02
                                         20      0.094  7.515E-02  5.730E-01  6.625E+00
 40   0.367260   2.0 -1             1 u                    (2)-  0
                                         11      0.184  0.000E+00  0.000E+00  4.554E+00
 41   0.373684   1.0 -1             2 u                    (1)-  0
                                         34      0.049  4.705E-03  2.155E-01  4.480E+01
                                         13      0.156  9.409E-02  7.845E-01  7.338E+00
 42   0.374700   5.0  1             0 u                    (5+)  0
 43   0.376700   6.0 -1             2 u                    (6-)  0
                                         20      0.118  0.000E+00  0.000E+00  6.967E+00
                                          5      0.271  0.000E+00  0.000E+00  5.103E-02
 44   0.380600   3.0 -1             1 u                    (3)-  0
                                         19      0.130  0.000E+00  0.000E+00  4.670E+00
 45   0.386300   2.0 -1             0 c                  1 TO 4  0
 46   0.389400   7.0  1             2 u                      7+  0
                                         21      0.114  0.000E+00  0.000E+00  8.198E+00
                                         14      0.171  0.000E+00  0.000E+00  5.676E+00
 47   0.395198   5.0  1             2 u                    (5)+  0
                                          5      0.289  2.817E-01  5.127E-01  8.200E-01
                                          3      0.333  4.205E-01  4.873E-01  1.590E-01
 48   0.397300   4.0 -1             0 n                          0
 49   0.407590   6.0 -1             2 u                      6-  0
                                         21      0.133  0.000E+00  0.000E+00  2.671E-01
                                         15      0.175  0.000E+00  0.000E+00  5.295E+00
 50   0.409500   8.0 -1             0 u                    (8-)  0
 51   0.417641   2.0  1             4 c                2+,3+,4+  0
                                          6      0.296  3.449E-01  4.184E-01  2.130E-01
                                          4      0.331  1.587E-01  3.003E-01  8.924E-01
                                          2      0.391  2.035E-01  2.564E-01  2.600E-01
                                          1      0.418  1.690E-02  2.490E-02  4.735E-01
 52   0.431300   4.0  1             0 u                    (4+)  0
 53   0.433716   4.0  1             3 c                   3+,4+  0
                                         20      0.175  1.308E-01  1.490E-01  1.390E-01
                                         12      0.218  2.389E-01  2.587E-01  8.309E-02
                                          7      0.298  5.688E-01  5.923E-01  4.130E-02
 54   0.442230   4.0 -1             1 u                    (4)-  0
                                         40      0.075  0.000E+00  0.000E+00  5.748E+01
 55   0.456300   8.0  1             0 u                    (8+)  0
 56   0.457650   3.0 -1             0 c                1- TO 3-  0
 57   0.459600   6.0  1             1 u                    (6+)  0
                                         37      0.117  0.000E+00  0.000E+00  8.635E-02
 58   0.469100   4.0 -1             0 c                1- TO 4-  0
 59   0.473300   3.0 -1             0 c                1- TO 4-  0
 60   0.484000   7.0 -1             0 u                      7-  0
 61   0.497200   3.0 -1             2 c               2-,3-, 4-  0
                                         12      0.282  1.855E-01  3.376E-01  8.200E-01
                                         11      0.314  3.265E-01  6.624E-01  1.029E+00
 62   0.505100   3.0 -1             0 c                1- TO 4-  0
 63   0.523830   3.0  1             4 c                3+,4+,5+  0
                                          9      0.358  2.406E-01  2.697E-01  1.209E-01
                                          5      0.418  2.193E-02  2.368E-02  7.974E-02
                                          3      0.462  2.559E-01  3.122E-01  2.200E-01
                                          2      0.497  3.046E-01  3.944E-01  2.949E-01
 64   0.524200   6.0  1             0 u                    (6+)  0
 65   0.525300   7.0  1             0 u                    (7+)  0
 66   0.529857   3.0 -1             3 u                      3-  0
                                         31      0.217  2.786E-01  4.466E-01  6.032E-01
                                         12      0.314  1.950E-01  3.956E-01  1.029E+00
                                         11      0.347  1.031E-01  1.577E-01  5.300E-01
 67   0.543240   4.0 -1             2 c                   3-,4-  0
                                         15      0.310  4.805E-02  9.920E-02  1.065E+00
                                         10      0.364  5.338E-01  9.008E-01  6.874E-01
 68   0.567023   3.0 -1             4 u                      3-  0
                                         15      0.334  1.546E-01  1.773E-01  1.470E-01
                                         12      0.351  1.914E-01  2.157E-01  1.270E-01
                                         11      0.384  1.068E-01  1.431E-01  3.400E-01
                                          7      0.431  3.681E-01  4.639E-01  2.600E-01
 69   0.578000   6.0  1             0 n                          0
 70   0.584500   3.0 -1             0 c                1- TO 4-  0
 71   0.601200   3.0 -1             0 c                1- TO 3-  0
 72   0.603700   3.0  1             0 n                          0
 73   0.619500   4.0  1             0 c                  1 TO 4  0
 74   0.630600   4.0  1             0 n                          0
 75   0.635300   4.0 -1             0 c                1- TO 4-  0
 76   0.646760   3.0  1             3 c             2+,3+, (4)+  0
                                          3      0.584  2.292E-01  2.708E-01  1.816E-01
                                          2      0.620  3.638E-01  3.998E-01  9.900E-02
                                          1      0.647  3.165E-01  3.294E-01  4.100E-02
 77   0.648100   3.0 -1             0 c                1- TO 3-  0
 78   0.673600   3.0 -1             0 c                1- TO 3-  0
 79   0.676900   4.0 -1             0 c                1- TO 4-  0
 80   0.692100  -1.0  0             0                  1- TO 3-  0
 81   0.709240  -1.0  0             0                            0
 82   0.722400  -1.0  0             0                            0
 83   0.764100  -1.0  0             0                            0
 84   0.782400  -1.0  0             0                            0
 85   0.797400  -1.0  0             0                            0
 86   0.800400  -1.0  0             0                            0
 87   0.809800  -1.0  0             0                            0
 88   0.813900  -1.0  0             0                            0
 89   0.834700  -1.0  0             0                            0
 90   0.869000  -1.0  0             0                            0
 91   0.903300  -1.0  0             0                            0
 92   0.916600  -1.0  0             0                            0
 93   0.929100  -1.0  0             0                            0
 94   0.948900  -1.0  0             0                            0
 95   0.970700  -1.0  0             0                            0
 96   0.986500  -1.0  0             0                            0
 97   1.026600  -1.0  0             0                            0
 98   1.033400  -1.0  0             0                            0
 99   1.046500  -1.0  0             0                            0
100   1.065200  -1.0  0             0                            0
101   1.081000  -1.0  0             0                            0
102   1.089000  -1.0  0             0                            0
103   1.107800  -1.0  0             0                            0
104   1.119600  -1.0  0             0                            0
105   1.143000  -1.0  0             0                            0
106   1.163100  -1.0  0             0                            0
107   1.176100  -1.0  0             0                            0
108   1.256100  -1.0  0             0                            0
109   1.260500  -1.0  0             0                            0
110   1.276100  -1.0  0             0                            0
111   1.291300  -1.0  0             0                            0
112   1.313500  -1.0  0             0                            0
113   1.330700  -1.0  0             0                            0
114   1.364800  -1.0  0             0                            0
115   1.369800  -1.0  0             0                            0
116   1.375600  -1.0  0             0                            0
117   1.384600  -1.0  0             0                            0
118   1.392800  -1.0  0             0                            0
119   1.408500  -1.0  0             0                            0
120   1.445700  -1.0  0             0                            0
121   1.484100  -1.0  0             0                            0
122   1.492800  -1.0  0             0                            0
123   1.509000  -1.0  0             0                            0
124   1.546500  -1.0  0             0                            0
125   1.711500  -1.0  0             0                            0
126   1.822500  -1.0  0             0                            0
127   2.104300  -1.0  0             0                            0
128   2.109500  -1.0  0             0                            0
129   2.300000  -1.0  0   1.12E-07  0                            1 LE   100.0000 %SF    
130   2.857400  -1.0  0             0                            0
239Np  239   93   64   98   37    5    6.216800    5.287400
  1   0.000000   2.5  1   2.04E+05  0 u                    5/2+  1 =    100.0000 %B-    
  2   0.031131   3.5  1             1 u                    7/2+  0
                                          1      0.031  5.076E-03  1.000E+00  1.960E+02
  3   0.071210   4.5  1             1 u                    9/2+  0
                                          1      0.071  1.342E-02  1.000E+00  7.350E+01
  4   0.074664   2.5 -1   1.39E-09  2 u                    5/2-  0
                                          2      0.044  5.927E-02  1.280E-01  1.160E+00
                                          1      0.075  6.812E-01  8.720E-01  2.800E-01
  5   0.117840   3.5 -1   4.00E-11  3 u                    7/2-  0
                                          4      0.043  5.744E-03  9.190E-01  1.590E+02
                                          2      0.087  2.248E-02  2.675E-02  1.900E-01
                                          1      0.118  4.995E-02  5.424E-02  8.600E-02
  6   0.122500   5.5  1             0 u                 (11/2+)  0
  7   0.173020   4.5 -1             4 u                    9/2-  0
                                          6      0.051  2.436E-03  4.337E-03  7.800E-01
                                          5      0.055  8.478E-03  7.461E-01  8.700E+01
                                          4      0.099  7.699E-03  1.301E-01  1.590E+01
                                          2      0.142  9.745E-02  1.195E-01  2.260E-01
  8   0.180000   6.5  1             0 u                 (13/2+)  0
  9   0.220200   0.5  1             0 u                  (1/2+)  0
 10   0.241360   5.5 -1             1 u                 (11/2-)  0
                                          3      0.170  8.696E-01  1.000E+00  1.500E-01
 11   0.258300   1.5  1             0 u                  (3/2+)  0
 12   0.260799   1.5 -1             2 u                  (3/2-)  0
                                          4      0.186  4.876E-02  2.649E-01  4.433E+00
                                          1      0.261  6.965E-01  7.351E-01  5.540E-02
 13   0.267000   6.5 -1             0 n                          0
 14   0.270900   0.5 -1             0 u                  (1/2-)  0
 15   0.315500   3.5 -1             0 u                  (7/2-)  0
 16   0.317400   6.5 -1             1 u                 (13/2-)  0
                                          6      0.195  9.026E-01  1.000E+00  1.079E-01
 17   0.325000   2.5 -1             0 u                  (5/2-)  0
 18   0.347000   4.5  1             0 u                  (9/2+)  0
 19   0.359000   4.5  1             0 u                  (9/2+)  0
 20   0.411000   2.5 -1             0 n                          0
 21   0.420600   3.5 -1             0 n                          0
 22   0.427000   4.5 -1             0 n                          0
 23   0.438830   5.5  1             1 u                 (11/2+)  0
                                          2      0.408  9.217E-01  1.000E+00  8.493E-02
 24   0.448178   1.5 -1             3 u                  (3/2-)  0
                                         12      0.187  8.511E-02  4.553E-01  4.350E+00
                                          4      0.374  2.660E-01  4.365E-01  6.411E-01
                                          1      0.448  1.064E-01  1.082E-01  1.745E-02
 25   0.452736   2.5  1             3 c             (5/2+,7/2-)  0
                                         12      0.192  1.716E-01  1.908E-01  1.118E-01
                                          4      0.378  6.864E-01  7.033E-01  2.469E-02
                                          3      0.381  9.610E-02  1.059E-01  1.016E-01
 26   0.474360   3.5  1             2 g                          0
                                          4      0.399  9.471E-02  9.680E-02  2.202E-02
                                          1      0.474  6.765E-01  9.032E-01  3.350E-01
 27   0.482600   2.5 -1             0 u                  (5/2-)  0
 28   0.517998   3.5 -1             2 u                  (7/2-)  0
                                          2      0.487  9.386E-01  9.525E-01  1.482E-02
                                          1      0.518  4.693E-02  4.752E-02  1.250E-02
 29   0.530290   2.5 -1             3 g                          0
                                          4      0.456  4.494E-01  6.175E-01  3.740E-01
                                          2      0.499  2.112E-01  2.142E-01  1.411E-02
                                          1      0.531  1.663E-01  1.683E-01  1.193E-02
 30   0.547000   6.5  1             0 u                 (13/2+)  0
 31   0.563890   2.5  1             4 g                          0
                                         25      0.111  1.819E-01  9.204E-01  4.060E+00
                                          3      0.493  4.184E-02  4.405E-02  5.267E-02
                                          2      0.533  1.819E-02  2.243E-02  2.327E-01
                                          1      0.564  1.092E-02  1.310E-02  1.999E-01
 32   0.579400   4.5 -1             2 u                  (9/2-)  0
                                          4      0.505  6.580E-01  6.873E-01  4.440E-02
                                          2      0.548  3.093E-01  3.127E-01  1.120E-02
 33   0.600000   4.5 -1             0 n                          0
 34   0.616000   3.5  1             0 n                          0
 35   0.637200   2.5 -1             0 n                          0
 36   0.657000   5.5 -1             0 u                 (11/2-)  0
 37   0.662282   2.5 -1             4 u                  (5/2-)  0
                                          5      0.545  1.189E-02  1.450E-02  2.194E-01
                                          4      0.588  8.137E-02  9.592E-02  1.789E-01
                                          2      0.631  2.566E-01  2.588E-01  8.538E-03
                                          1      0.662  6.259E-01  6.308E-01  7.802E-03
 38   0.695229   3.5 -1             5 u                  (7/2-)  0
                                          7      0.522  9.115E-02  1.135E-01  2.457E-01
                                          5      0.577  6.563E-02  7.794E-02  1.876E-01
                                          3      0.624  2.698E-01  2.722E-01  8.722E-03
                                          2      0.664  3.646E-01  3.674E-01  7.762E-03
                                          1      0.695  1.677E-01  1.689E-01  7.132E-03
 39   0.723700  -1.0  0             0                            0
 40   0.741600   4.5 -1             0 u                  (9/2-)  0
 41   0.778600  -1.0  0             0                            0
 42   0.784940  -1.0  0             0                            0
 43   0.819260  -1.0  0             6                            0
                                         31      0.255  1.065E-02  1.065E-02  0.000E+00
                                         10      0.577  6.726E-03  6.726E-03  0.000E+00
                                          7      0.646  8.969E-03  8.969E-03  0.000E+00
                                          3      0.748  3.924E-01  3.924E-01  0.000E+00
                                          2      0.788  2.074E-02  2.074E-02  0.000E+00
                                          1      0.819  5.605E-01  5.605E-01  0.000E+00
 44   0.823400  -1.0  0             0                            0
 45   0.844100  -1.0  0             3                 (5/2,7/2)  0
                                          3      0.773  1.399E-02  1.399E-02  0.000E+00
                                          2      0.813  3.198E-01  3.198E-01  0.000E+00
                                          1      0.844  6.662E-01  6.662E-01  0.000E+00
 46   0.863460  -1.0  0             3                            0
                                         37      0.201  3.041E-01  3.041E-01  0.000E+00
                                          5      0.746  5.848E-01  5.848E-01  0.000E+00
                                          1      0.864  1.111E-01  1.111E-01  0.000E+00
 47   0.864900   4.5  1             0 u                  (9/2+)  0
 48   0.890600  -1.0  0             0                            0
 49   0.917100  -1.0  0             0                            0
 50   0.951500  -1.0  0             0                            0
 51   0.959180  -1.0  0             5                            0
                                         37      0.297  5.677E-02  5.677E-02  0.000E+00
                                         31      0.395  5.240E-02  5.240E-02  0.000E+00
                                          4      0.885  4.367E-01  4.367E-01  0.000E+00
                                          2      0.928  2.096E-01  2.096E-01  0.000E+00
                                          1      0.959  2.445E-01  2.445E-01  0.000E+00
 52   0.964234  -1.0  0             7                            0
                                         37      0.302  6.916E-03  6.916E-03  0.000E+00
                                         12      0.703  1.261E-02  1.261E-02  0.000E+00
                                         10      0.723  1.261E-01  1.261E-01  0.000E+00
                                          5      0.846  1.749E-01  1.749E-01  0.000E+00
                                          4      0.890  1.058E-01  1.058E-01  0.000E+00
                                          2      0.933  1.668E-01  1.668E-01  0.000E+00
                                          1      0.964  4.068E-01  4.068E-01  0.000E+00
 53   0.966550  -1.0  0             5                            0
                                         37      0.304  1.919E-01  1.919E-01  0.000E+00
                                         25      0.514  7.744E-02  7.744E-02  0.000E+00
                                          7      0.794  3.367E-01  3.367E-01  0.000E+00
                                          5      0.849  1.886E-01  1.886E-01  0.000E+00
                                          3      0.895  2.054E-01  2.054E-01  0.000E+00
 54   0.992158   3.5 -1             5 u                  (7/2-)  0
                                          5      0.874  1.244E-01  1.321E-01  6.240E-02
                                          4      0.917  1.018E-01  1.073E-01  5.496E-02
                                          3      0.921  9.045E-02  9.084E-02  4.305E-03
                                          2      0.961  5.653E-01  5.676E-01  3.992E-03
                                          1      0.992  1.018E-01  1.021E-01  3.776E-03
 55   1.019900   6.5  1             0 u                 (13/2+)  0
 56   1.040370  -1.0  0             8                (5/2-,7/2)  0
                                         42      0.258  1.728E-01  1.728E-01  0.000E+00
                                         38      0.345  2.058E-01  2.058E-01  0.000E+00
                                         26      0.566  1.358E-01  1.358E-01  0.000E+00
                                         12      0.780  8.025E-02  8.025E-02  0.000E+00
                                          7      0.867  1.070E-01  1.070E-01  0.000E+00
                                          5      0.923  8.025E-02  8.025E-02  0.000E+00
                                          4      0.966  1.461E-01  1.461E-01  0.000E+00
                                          1      1.040  7.202E-02  7.202E-02  0.000E+00
 57   1.049240   4.5 -1             4 u                  (9/2-)  0
                                          7      0.876  1.641E-01  1.743E-01  6.206E-02
                                          5      0.932  3.907E-01  4.113E-01  5.277E-02
                                          4      0.975  3.243E-01  3.281E-01  1.169E-02
                                          2      1.018  8.596E-02  8.627E-02  3.610E-03
 58   1.077200  -1.0  0             0                            0
 59   1.096990  -1.0  0             5                            0
                                         42      0.312  3.937E-01  3.937E-01  0.000E+00
                                         37      0.435  3.189E-01  3.189E-01  0.000E+00
                                         23      0.659  4.331E-02  4.331E-02  0.000E+00
                                          2      1.066  5.118E-02  5.118E-02  0.000E+00
                                          1      1.097  1.929E-01  1.929E-01  0.000E+00
 60   1.117800   5.5 -1             0 u                 (11/2-)  0
 61   1.141100  -1.0  0             0                            0
 62   1.155300  -1.0  0             0                            0
 63   1.182500  -1.0  0             0                            0
 64   1.197150  -1.0  0             3                            0
                                         37      0.535  4.505E-01  4.505E-01  0.000E+00
                                          4      1.123  2.342E-01  2.342E-01  0.000E+00
                                          1      1.197  3.153E-01  3.153E-01  0.000E+00
240Np  240   93    1    0    1    1    5.069000    5.548000
  1   0.000000   5.0  1   3.71E+03  0                      (5+)  1 =    100.0000 %B-    
241Np  241   93    1    0    1    1    6.124000    5.742000
  1   0.000000   2.5  1   8.34E+02  0                      5/2+  1 =    100.0000 %B-    
242Np  242   93    7   10    1    1    4.910000    6.100000
  1   0.000000   1.0  1   1.32E+02  0                      (1+)  1 =    100.0000 %B-    
  2   0.055580  -1.0  0             1                   (1-,0-)  0
                                          1      0.056  0.000E+00  0.000E+00  0.000E+00
  3   0.067600  -1.0  0             1                   (1-,0-)  0
                                          1      0.068  0.000E+00  0.000E+00  0.000E+00
  4   0.293900  -1.0  0             2                            0
                                          3      0.226  3.333E-01  3.333E-01  0.000E+00
                                          2      0.238  6.667E-01  6.667E-01  0.000E+00
  5   0.329700  -1.0  0             2                     (0,1)  0
                                          2      0.274  1.304E-01  1.304E-01  0.000E+00
                                          1      0.330  8.696E-01  8.696E-01  0.000E+00
  6   0.598300  -1.0  0             2                     (1,0)  0
                                          4      0.305  6.289E-01  6.289E-01  0.000E+00
                                          3      0.531  3.711E-01  3.711E-01  0.000E+00
  7   0.640600  -1.0  0             2                     (1,0)  0
                                          3      0.573  4.924E-01  4.924E-01  0.000E+00
                                          2      0.585  5.076E-01  5.076E-01  0.000E+00
243Np  243   93   23    0   17    1    5.610000    6.030000
  1   0.000000   2.5 -1   1.11E+02  0                    (5/2-)  1 =    100.0000 %B-    
  2   0.076000  -1.0  0             0                            0
  3   0.105000  -1.0  0             0                            0
  4   0.175000  -1.0  0             0                            0
  5   0.251000  -1.0  0             0                            0
  6   0.295000  -1.0  0             0                            0
  7   0.330000  -1.0  0             0                            0
  8   0.380000  -1.0  0             0                            0
  9   0.400000  -1.0  0             0                            0
 10   0.422000  -1.0  0             0                            0
 11   0.532000  -1.0  0             0                            0
 12   0.580000  -1.0  0             0                            0
 13   0.675000  -1.0  0             0                            0
 14   0.710000  -1.0  0             0                            0
 15   0.772000  -1.0  0             0                            0
 16   0.808000  -1.0  0             0                            0
 17   0.853000  -1.0  0             0                            0
 18   1.044000  -1.0  0             0                            0
 19   1.128000  -1.0  0             0                            0
 20   1.173000  -1.0  0             0                            0
 21   1.268000  -1.0  0             0                            0
 22   1.391000  -1.0  0             0                            0
 23   1.430000  -1.0  0             0                            0
244Np  244   93    1    0    1    1    4.740000    0.000000
  1   0.000000   7.0 -1   1.37E+02  0                      (7-)  1 =    100.0000 %B-    
