233Cm  233   96    1    0    1    1    7.000000    3.390000
  1   0.000000  -1.0  0             0                            2 ?      0.0000 %EC+%B+ ?      0.0000 %A     
234Cm  234   96    1    0    1    1    8.640000    3.740000
  1   0.000000   0.0  1   5.10E+01  0                        0+  3 AP    20.0000 %EC+%B+ AP    40.0000 %A      AP    40.0000 %SF    
235Cm  235   96    2    0    1    1    6.800000    3.800000
  1   0.000000  -1.0  0             0                            0
  2   0.050000  -1.0  0             0                            0
236Cm  236   96    2    0    1    2    8.090000    4.060000
  1   0.000000   0.0  1             0                        0+  2 ?      0.0000 %EC     ?      0.0000 %A     
  2   0.045000   2.0  1             0                        2+  0
237Cm  237   96    2    0    1    1    6.700000    4.200000
  1   0.000000  -1.0  0             0                            0
  2   0.194000  -1.0  0             0                            0
238Cm  238   96    2    0    1    2    7.960001    4.452000
  1   0.000000   0.0  1   8.64E+03  0                        0+  2 GE    90.0000 %EC     LE    10.0000 %A     
  2   0.035000   2.0  1             0                        2+  0
239Cm  239   96    2    0    1    1    6.270000    4.520000
  1   0.000000   3.5 -1   1.04E+04  0                    (7/2-)  2 =    100.0000 %EC     LT     0.1000 %A     
  2   0.152000   0.5  1             0                    (1/2+)  0
240Cm  240   96    4    1    1    2    7.540000    4.955500
  1   0.000000   0.0  1   2.33E+06  0                        0+  3 LT     0.5000 %EC     LT    99.5000 %A      =      0.0000 %SF    
  2   0.038000   2.0  1             1                        2+  0
                                          1      0.038  0.000E+00  0.000E+00  1.940E+03
  3   2.000000  -1.0  0   1.00E-11  0                            1 LE   100.0000 %SF    
  4   3.000000  -1.0  0   5.50E-08  0                            1 AP   100.0000 %SF    
241Cm  241   96    8    2    1    1    6.093300    5.097000
  1   0.000000   0.5  1   2.83E+06  0                      1/2+  2 =     99.0000 %EC     =      1.0000 %A     
  2   0.005500   1.5  1             0                    (3/2+)  0
  3   0.057100   2.5  1             2                    (5/2+)  0
                                          2      0.052  0.000E+00  0.000E+00  5.173E+01
                                          1      0.057  0.000E+00  0.000E+00  2.725E+02
  4   0.081000   3.5  1             0                    (7/2+)  0
  5   0.163000   4.5  1             0                    (9/2+)  0
  6   0.267800   2.5  1             0                    (5/2+)  0
  7   0.420200   3.5  1             0                    (7/2+)  0
  8   2.300000  -1.0  0   1.53E-08  0                            1 =    100.0000 %SF    
242Cm  242   96    5    3    1    4    6.969700    5.420000
  1   0.000000   0.0  1   1.41E+07  0                        0+  2 =    100.0000 %A      =      0.0000 %SF    
  2   0.042130   2.0  1             1                        2+  0
                                          1      0.042  0.000E+00  0.000E+00  1.170E+03
  3   0.137000   4.0  1             1                        4+  0
                                          2      0.096  0.000E+00  0.000E+00  2.318E+01
  4   0.288000   6.0  1             1                        6+  0
                                          3      0.147  0.000E+00  0.000E+00  3.481E+00
  5   2.800000  -1.0  0   1.80E-07  0                            2 ?      0.0000 %IT     ?      0.0000 %SF    
243Cm  243   96   31    1   29    4    5.692900    5.575100
  1   0.000000   2.5  1   9.18E+08  0                      5/2+  3 =      0.2900 %EC     =     99.7000 %A      =      0.0000 %SF    
  2   0.042000   3.5  1             0                      7/2+  0
  3   0.087400   0.5  1   1.08E-06  1                      1/2+  0
                                          1      0.087  2.703E-02  1.000E+00  3.600E+01
  4   0.094000   4.5  1             0                      9/2+  0
  5   0.094000   1.5  1             0                    (3/2+)  0
  6   0.130000   3.5  1             0                    (7/2+)  0
  7   0.153000  -1.0  0             0                            0
  8   0.164000  -1.0  0             0                            0
  9   0.187000   4.5  1             0                    (9/2+)  0
 10   0.219000  -1.0  0             0                            0
 11   0.228000  -1.0  0             0                            0
 12   0.260000   4.5  1             0                    (9/2+)  0
 13   0.530000  -1.0  0             0                            0
 14   0.729000   0.5 -1             0                    (1/2-)  0
 15   0.769000  -1.0  0             0                            0
 16   0.798000  -1.0  0             0                            0
 17   0.842000  -1.0  0             0                            0
 18   0.860000  -1.0  0             0                            0
 19   0.892000  -1.0  0             0                            0
 20   0.904000  -1.0  0             0                            0
 21   0.930000  -1.0  0             0                            0
 22   0.973000  -1.0  0             0                            0
 23   1.015000  -1.0  0             0                            0
 24   1.023000  -1.0  0             0                            0
 25   1.046000  -1.0  0             0                            0
 26   1.136000  -1.0  0             0                            0
 27   1.217000  -1.0  0             0                            0
 28   1.222000  -1.0  0             0                            0
 29   1.359000  -1.0  0             0                            0
 30   1.367000  -1.0  0             0                            0
 31   1.900000  -1.0  0   4.20E-08  0                            1 LE   100.0000 %SF    
244Cm  244   96   13   14    1    5    6.800701    6.009400
  1   0.000000   0.0  1   5.71E+08  0                        0+  2 =    100.0000 %A      =      0.0001 %SF    
  2   0.042965   2.0  1   9.70E-11  1                        2+  0
                                          1      0.043  0.000E+00  0.000E+00  1.060E+03
  3   0.142348   4.0  1             1                        4+  0
                                          2      0.099  0.000E+00  0.000E+00  1.970E+01
  4   0.296211   6.0  1             1                        6+  0
                                          3      0.154  0.000E+00  0.000E+00  2.880E+00
  5   0.501786   8.0  1             1                        8+  0
                                          4      0.206  0.000E+00  0.000E+00  9.100E-01
  6   0.970000  -1.0  0             0                   (2+,3-)  0
  7   0.984914   0.0  1             2                        0+  0
                                          2      0.942  0.000E+00  0.000E+00  1.464E-02
                                          1      0.985  0.000E+00  0.000E+00  0.000E+00
  8   1.020760   2.0  1             1                      (2+)  0
                                          2      0.978  0.000E+00  0.000E+00  1.365E-02
  9   1.038000  -1.0  0             0                   (2+,3-)  0
 10   1.040190   6.0  1   3.40E-02  3                        6+  1 =    100.0000 %IT    
                                          5      0.538  6.580E-03  6.909E-03  5.000E-02
                                          4      0.744  6.580E-01  7.120E-01  8.200E-02
                                          3      0.898  2.764E-01  2.811E-01  1.720E-02
 11   1.084180  -1.0  0             2                      1,2+  0
                                          2      1.041  3.464E-01  3.464E-01  0.000E+00
                                          1      1.084  6.536E-01  6.536E-01  0.000E+00
 12   1.105910  -1.0  0             2                    (1,2-)  0
                                          2      1.063  8.696E-01  8.696E-01  0.000E+00
                                          1      1.105  1.304E-01  1.304E-01  0.000E+00
 13   1.187000  -1.0  0             0                   (2+,3-)  0
245Cm  245   96   63   36   42    8    5.522400    6.167300
  1   0.000000   3.5  1   2.68E+11  0 u                    7/2+  0
  2   0.054810   4.5  1   1.00E-10  1 u                    9/2+  0
                                          1      0.055  0.000E+00  0.000E+00  2.250E+02
  3   0.121600   5.5  1             2 u                   11/2+  0
                                          2      0.067  1.194E-02  8.359E-01  6.900E+01
                                          1      0.122  1.866E-02  1.641E-01  7.793E+00
  4   0.197400   6.5  1             1 u                   13/2+  0
                                          3      0.076  0.000E+00  0.000E+00  1.677E+01
  5   0.252800   2.5  1             2 u                    5/2+  0
                                          2      0.198  1.574E-03  3.226E-03  1.050E+00
                                          1      0.253  2.915E-01  9.968E-01  2.420E+00
  6   0.295720   3.5  1             3 u                    7/2+  0
                                          5      0.043  8.857E-03  7.444E-01  8.304E+01
                                          2      0.241  5.061E-02  1.721E-01  2.400E+00
                                          1      0.296  3.290E-02  8.356E-02  1.540E+00
  7   0.350640   4.5  1             2 u                    9/2+  0
                                          6      0.055  1.527E-02  6.769E-01  4.334E+01
                                          3      0.230  7.634E-02  3.231E-01  3.232E+00
  8   0.355900   0.5  1   2.90E-07  1 u                    1/2+  0
                                          5      0.103  0.000E+00  0.000E+00  1.670E+01
  9   0.361400   1.5  1             0 u                  (3/2+)  0
 10   0.388180   4.5 -1   4.50E-10  5 u                    9/2-  0
                                          7      0.038  1.776E-04  5.007E-04  1.820E+00
                                          6      0.093  3.916E-03  4.597E-03  1.740E-01
                                          3      0.267  8.323E-03  8.795E-03  5.670E-02
                                          2      0.333  1.673E-01  1.731E-01  3.500E-02
                                          1      0.388  7.927E-01  8.130E-01  2.560E-02
 11   0.416600   5.5  1             1 u                   11/2+  0
                                          7      0.066  0.000E+00  0.000E+00  2.516E+01
 12   0.418700   2.5  1             0 u                  (5/2+)  0
 13   0.431000   3.5  1             0 u                  (7/2+)  0
 14   0.442840   5.5 -1             2 u                   11/2-  0
                                         10      0.055  7.202E-03  9.867E-01  1.360E+02
                                          3      0.321  1.286E-02  1.335E-02  3.792E-02
 15   0.498000   6.5  1             0 u                   13/2+  0
 16   0.509000   6.5 -1             2 u                   13/2-  0
                                         14      0.066  0.000E+00  0.000E+00  2.516E+01
                                         10      0.121  0.000E+00  0.000E+00  8.032E+00
 17   0.532000   4.5  1             0 u                  (9/2+)  0
 18   0.545000   7.5  1             0 n                          0
 19   0.555000   5.5  1             0 u                 (11/2+)  0
 20   0.558000   2.5 -1             0 n                          0
 21   0.588000   7.5 -1             0 u                 (15/2-)  0
 22   0.598000   7.5  1             0 u                 (15/2+)  0
 23   0.633600   1.5 -1             2 u                  (3/2)-  0
                                          9      0.272  4.846E-03  5.108E-03  5.423E-02
                                          5      0.381  9.691E-01  9.949E-01  2.660E-02
 24   0.638000   1.5  1             0 n                          0
 25   0.643650   3.5 -1             4 u                  (7/2-)  0
                                         10      0.255  2.138E-01  7.276E-01  2.404E+00
                                          5      0.391  1.432E-01  1.468E-01  2.522E-02
                                          2      0.589  1.967E-02  1.988E-02  1.075E-02
                                          1      0.643  1.047E-01  1.057E-01  9.152E-03
 26   0.660000   7.5 -1             0 n                          0
 27   0.661520   2.5 -1             2 u                    5/2-  0
                                          6      0.366  6.449E-01  6.635E-01  2.890E-02
                                          5      0.409  3.289E-01  3.365E-01  2.300E-02
 28   0.672000   8.5 -1             0 u                 (17/2-)  0
 29   0.701720   4.5 -1             2 u                  (9/2-)  0
                                          6      0.406  6.338E-01  6.486E-01  2.334E-02
                                          1      0.700  3.486E-01  3.514E-01  7.855E-03
 30   0.722000   3.5  1             0 u                  (7/2+)  0
 31   0.735000   3.5 -1             0 n                          0
 32   0.740900   0.5  1             2 u                  (1/2)+  0
                                          8      0.385  5.554E-01  9.852E-01  7.740E-01
                                          5      0.488  1.388E-02  1.477E-02  6.377E-02
 33   0.769200   1.5  1             2 u                  (3/2+)  0
                                         12      0.351  3.825E-01  7.651E-01  1.000E+00
                                          9      0.408  1.415E-01  2.349E-01  6.600E-01
 34   0.772000   3.5  1             0 n                          0
 35   0.773000   5.5 -1             0 u                 (11/2-)  0
 36   0.782000   4.5  1             0 u                  (9/2+)  0
 37   0.791000   2.5  1             0 u                  (5/2+)  0
 38   0.838000   4.5  1             0 n                          0
 39   0.848000   6.5  1             0 n                          0
 40   0.853000   5.5  1             0 u                 (11/2+)  0
 41   0.856000   3.5  1             0 u                  (7/2+)  0
 42   0.866000   6.5 -1             0 u                 (13/2-)  0
 43   0.891000   4.5  1             0 u                  (9/2+)  0
 44   0.901000  -1.0  0             0                            0
 45   0.908000  -1.0  0             0                            0
 46   0.913000   0.5 -1             0 u                  (1/2-)  0
 47   0.936000  -1.0  0             0                            0
 48   0.942000  -1.0  0             0                            0
 49   0.956000  -1.0  0             0              (3/2-, 5/2-)  0
 50   0.972000  -1.0  0             0                            0
 51   0.980000  -1.0  0             0                            0
 52   0.995000  -1.0  0             0                            0
 53   1.009000  -1.0  0             0                            0
 54   1.017000  -1.0  0             0                            0
 55   1.042000  -1.0  0             0                            0
 56   1.050000  -1.0  0             0                            0
 57   1.056000  -1.0  0             0                            0
 58   1.083000  -1.0  0             0                            0
 59   1.103000  -1.0  0             0                            0
 60   1.259000  -1.0  0             0                            0
 61   1.271000  -1.0  0             0                            0
 62   1.473000  -1.0  0             0                            0
 63   2.100000  -1.0  0   1.32E-08  0                            1 LE   100.0000 %SF    
246Cm  246   96   65  214   33    7    6.458000    6.570000
  1   0.000000   0.0  1   1.50E+11  0 u                      0+  2 =    100.0000 %A      =      0.0261 %SF    
  2   0.042851   2.0  1   1.21E-10  1 u                      2+  0
                                          1      0.043  9.251E-04  1.000E+00  1.080E+03
  3   0.142010   4.0  1             1 u                      4+  0
                                          2      0.099  4.785E-02  1.000E+00  1.990E+01
  4   0.294900   6.0  1             1 u                      6+  0
                                          3      0.153  2.530E-01  1.000E+00  2.952E+00
  5   0.499800   8.0  1             1 u                      8+  0
                                          4      0.205  5.210E-01  1.000E+00  9.195E-01
  6   0.841680   2.0 -1             1 u                      2-  0
                                          2      0.799  9.938E-01  1.000E+00  6.206E-03
  7   0.876450   3.0 -1             3 u                      3-  0
                                          6      0.035  2.769E-04  7.701E-01  2.781E+03
                                          3      0.734  8.998E-02  9.063E-02  7.208E-03
                                          2      0.834  1.384E-01  1.392E-01  5.755E-03
  8   0.923310   4.0 -1             3 u                    (4)-  0
                                          7      0.047  3.743E-04  2.442E-01  6.513E+02
                                          6      0.082  6.655E-03  3.372E-01  4.967E+01
                                          3      0.781  4.159E-01  4.186E-01  6.455E-03
  9   0.981000   5.0 -1             2 u                    (5-)  0
                                          4      0.686  4.966E-01  5.006E-01  8.146E-03
                                          3      0.839  4.966E-01  4.994E-01  5.690E-03
 10   1.051100   6.0 -1             2 u                    (6-)  0
                                          8      0.127  8.698E-02  6.351E-01  6.302E+00
                                          4      0.756  3.624E-01  3.649E-01  6.844E-03
 11   1.059000   1.0 -1             0 n                          0
 12   1.078850   1.0 -1             3 u                      1-  0
                                          6      0.237  3.536E-03  5.442E-03  5.389E-01
                                          2      1.036  3.108E-01  3.120E-01  3.944E-03
                                          1      1.079  6.800E-01  6.826E-01  3.680E-03
 13   1.104860   2.0 -1             3 u                    (2)-  0
                                          6      0.263  1.934E-03  4.448E-03  1.300E+00
                                          3      0.963  2.975E-05  3.404E-05  1.440E-01
                                          2      1.062  9.918E-01  9.955E-01  3.780E-03
 14   1.124280   2.0  1             3 u                      2+  0
                                          3      0.983  2.089E-02  2.117E-02  1.352E-02
                                          2      1.081  5.497E-01  5.564E-01  1.210E-02
                                          1      1.124  4.178E-01  4.225E-01  1.120E-02
 15   1.128020   3.0 -1             3 u                      3-  0
                                          7      0.252  1.100E-03  1.584E-03  4.394E-01
                                          3      0.986  3.833E-01  3.849E-01  4.293E-03
                                          2      1.085  6.113E-01  6.135E-01  3.644E-03
 16   1.128800   7.0 -1             2 u                    (7-)  0
                                          5      0.629  3.310E-01  3.342E-01  9.531E-03
                                          4      0.834  6.620E-01  6.658E-01  5.750E-03
 17   1.165490   3.0  1             3 u                    (3+)  0
                                          7      0.289  3.273E-02  3.428E-02  4.749E-02
                                          3      1.023  2.727E-01  2.762E-01  1.254E-02
                                          2      1.123  6.819E-01  6.896E-01  1.130E-02
 18   1.174740   0.0  1             2 u                      0+  0
                                          2      1.132  9.897E-01  1.000E+00  1.041E-02
                                          1      1.175  0.000E+00  0.000E+00  0.000E+00
 19   1.178600   8.0 -1             2 u                    (8-)  0
                                         10      0.127  4.148E-02  3.029E-01  6.302E+00
                                          5      0.679  6.914E-01  6.971E-01  8.298E-03
 20   1.210530   2.0  1             2 u                      2+  0
                                          2      1.168  4.248E-01  8.071E-01  9.000E-01
                                          1      1.210  1.912E-01  1.929E-01  9.210E-03
 21   1.219980   4.0  1             2 u                    (4+)  0
                                          4      0.925  6.997E-01  7.103E-01  1.515E-02
                                          2      1.177  2.869E-01  2.897E-01  9.690E-03
 22   1.221000   5.0 -1             0 n                          0
 23   1.249770   1.0 -1             5 u                      1-  0
                                         12      0.171  1.036E-01  2.970E-01  1.866E+00
                                          7      0.373  4.396E-02  4.961E-02  1.284E-01
                                          6      0.408  2.135E-02  2.350E-02  1.007E-01
                                          2      1.207  3.140E-01  3.150E-01  3.046E-03
                                          1      1.250  3.140E-01  3.149E-01  2.874E-03
 24   1.289300   0.0  1             1 u                      0+  0
                                          1      1.289  0.000E+00  0.000E+00  0.000E+00
 25   1.300450   3.0 -1             4 u                    (3-)  0
                                          8      0.377  4.630E-02  5.208E-02  1.248E-01
                                          7      0.423  6.615E-02  7.219E-02  9.134E-02
                                          3      1.158  2.117E-01  2.124E-01  3.263E-03
                                          2      1.258  6.615E-01  6.634E-01  2.844E-03
 26   1.317570   2.0  1             1 u                    (2)+  0
                                          2      1.275  9.696E-01  1.000E+00  3.130E-02
 27   1.340200   4.0  1             2 g                          0
                                          3      1.198  7.396E-01  7.465E-01  9.382E-03
                                          2      1.297  2.515E-01  2.535E-01  8.115E-03
 28   1.348860   1.0 -1             6 u                      1-  0
                                         13      0.244  1.229E-01  4.585E-01  2.730E+00
                                         12      0.270  1.835E-01  4.991E-01  1.720E+00
                                          7      0.472  6.550E-03  7.003E-03  6.916E-02
                                          6      0.507  1.211E-02  1.273E-02  5.136E-02
                                          2      1.307  1.119E-03  1.122E-03  2.669E-03
                                          1      1.349  2.147E-02  2.152E-02  2.533E-03
 29   1.366630   2.0 -1             6 u                    (2-)  0
                                         15      0.239  1.597E-01  2.440E-01  5.278E-01
                                         13      0.262  1.699E-01  2.351E-01  3.837E-01
                                         12      0.288  1.410E-01  3.836E-01  1.720E+00
                                          8      0.443  3.738E-03  4.041E-03  8.113E-02
                                          6      0.525  7.952E-02  1.060E-01  3.330E-01
                                          2      1.324  2.719E-02  2.726E-02  2.612E-03
 30   1.379230   4.0  1             2 u                    (4+)  0
                                          3      1.237  2.783E-01  2.808E-01  8.848E-03
                                          2      1.336  7.137E-01  7.192E-01  7.689E-03
 31   1.397000   5.0 -1             0 u                    (5-)  0
 32   1.451890   1.0  1             5 u                      1+  0
                                         18      0.277  1.478E-02  4.312E-02  1.917E+00
                                         14      0.328  2.217E-02  2.632E-02  1.874E-01
                                          6      0.610  3.292E-01  3.327E-01  1.060E-02
                                          2      1.409  2.486E-01  2.545E-01  2.400E-02
                                          1      1.452  3.359E-01  3.433E-01  2.210E-02
 33   1.478430   2.0  1             5 u                    (2+)  0
                                         23      0.229  3.613E-01  3.901E-01  7.972E-02
                                         20      0.267  4.697E-02  6.377E-02  3.575E-01
                                          6      0.637  1.156E-01  1.167E-01  9.322E-03
                                          3      1.336  1.770E-01  1.784E-01  7.689E-03
                                          2      1.436  2.493E-01  2.510E-01  6.751E-03
 34   1.509290   3.0  1             6 u                    (3+)  0
                                         21      0.289  7.605E-02  9.705E-02  2.761E-01
                                         17      0.344  4.183E-01  4.863E-01  1.625E-01
                                         15      0.381  2.535E-02  2.602E-02  2.656E-02
                                          3      1.368  2.535E-01  2.554E-01  7.370E-03
                                          2      1.466  1.217E-01  1.225E-01  6.496E-03
                                          1      1.509  1.217E-02  1.280E-02  5.226E-02
 35   1.525930   3.0 -1            11 u                      3-  0
                                         21      0.306  6.934E-04  7.226E-04  4.207E-02
                                         17      0.360  3.203E-02  3.298E-02  2.979E-02
                                         15      0.398  4.623E-03  5.120E-03  1.076E-01
                                         14      0.402  1.496E-01  1.531E-01  2.380E-02
                                         13      0.421  1.255E-02  1.371E-02  9.266E-02
                                         12      0.447  6.934E-04  7.486E-04  7.950E-02
                                          8      0.603  1.314E-01  2.024E-01  5.400E-01
                                          7      0.649  2.070E-01  2.199E-01  6.200E-02
                                          6      0.684  3.302E-01  3.566E-01  8.000E-02
                                          3      1.384  3.071E-03  3.078E-03  2.427E-03
                                          2      1.483  1.156E-02  1.158E-02  2.165E-03
 36   1.573740   1.0  1             2 u                    (1+)  0
                                          2      1.531  3.341E-01  3.357E-01  4.923E-03
                                          1      1.574  6.550E-01  6.643E-01  1.409E-02
 37   1.593690   2.0 -1            12 u                      2-  0
                                         29      0.227  7.814E-03  1.271E-02  6.271E-01
                                         28      0.245  3.473E-03  5.146E-03  4.819E-01
                                         25      0.293  2.388E-03  3.018E-03  2.641E-01
                                         23      0.344  1.367E-02  1.590E-02  1.625E-01
                                         15      0.466  1.354E-02  1.452E-02  7.166E-02
                                         14      0.470  5.383E-03  5.477E-03  1.742E-02
                                         13      0.489  4.862E-02  6.826E-02  4.040E-01
                                         12      0.515  4.558E-02  6.158E-02  3.510E-01
                                          8      0.670  4.341E-03  4.464E-03  2.831E-02
                                          7      0.717  1.341E-01  1.536E-01  1.450E-01
                                          6      0.752  4.341E-01  5.118E-01  1.790E-01
                                          2      1.551  1.433E-01  1.435E-01  1.716E-03
 38   1.601240   3.0  1             7 u                    (3)+  0
                                         21      0.381  1.531E-03  1.716E-03  1.214E-01
                                         14      0.477  2.196E-02  3.145E-02  4.320E-01
                                          8      0.678  4.659E-02  4.697E-02  8.323E-03
                                          7      0.725  2.210E-01  2.226E-01  7.380E-03
                                          6      0.760  6.655E-01  6.700E-01  6.786E-03
                                          3      1.459  9.783E-03  9.847E-03  6.553E-03
                                          2      1.558  1.730E-02  1.739E-02  4.772E-03
 39   1.604170   1.0 -1             3 u                    (1-)  0
                                         23      0.354  3.141E-02  3.609E-02  1.489E-01
                                          2      1.561  4.637E-01  4.645E-01  1.697E-03
                                          1      1.604  4.986E-01  4.994E-01  1.623E-03
 40   1.621500   3.0 -1             9 u                      3-  0
                                         25      0.321  1.883E-02  2.259E-02  1.995E-01
                                         17      0.456  1.406E-02  1.432E-02  1.847E-02
                                         15      0.493  1.089E-01  1.519E-01  3.940E-01
                                         13      0.517  1.001E-02  1.051E-02  4.927E-02
                                          8      0.698  1.168E-01  1.349E-01  1.550E-01
                                          7      0.745  2.384E-01  2.813E-01  1.800E-01
                                          6      0.780  6.675E-02  7.449E-02  1.160E-01
                                          3      1.479  2.312E-01  2.317E-01  2.174E-03
                                          2      1.579  7.819E-02  7.832E-02  1.667E-03
 41   1.628920  -1.0  0             2                            0
                                          3      1.487  2.857E-01  2.857E-01  0.000E+00
                                          2      1.586  7.143E-01  7.143E-01  0.000E+00
 42   1.633530   2.0 -1             9 u                    (2)-  0
                                         29      0.267  7.341E-03  9.966E-03  3.575E-01
                                         27      0.293  6.313E-03  3.869E-02  5.128E+00
                                         23      0.384  2.643E-02  4.707E-02  7.810E-01
                                         20      0.423  5.873E-03  5.999E-03  2.145E-02
                                         15      0.506  1.688E-02  1.776E-02  5.171E-02
                                         13      0.529  2.129E-02  2.825E-02  3.270E-01
                                         12      0.555  2.056E-02  2.405E-02  1.700E-01
                                          6      0.792  9.103E-02  9.289E-02  2.038E-02
                                          2      1.591  7.341E-01  7.353E-01  1.646E-03
 43   1.659190   1.0 -1             3 u                    (1-)  0
                                         13      0.554  5.347E-01  6.256E-01  1.700E-01
                                          2      1.616  6.951E-02  6.962E-02  1.603E-03
                                          1      1.659  3.048E-01  3.048E-01  0.000E+00
 44   1.661650   1.0  1             5 u                    (1+)  0
                                         20      0.451  6.856E-03  7.388E-03  7.755E-02
                                         18      0.487  2.556E-02  3.598E-02  4.078E-01
                                          6      0.821  9.973E-03  1.003E-02  5.916E-03
                                          2      1.619  3.179E-01  3.233E-01  1.700E-02
                                          1      1.662  6.233E-01  6.233E-01  0.000E+00
 45   1.671010   3.0 -1             8 u                    (3-)  0
                                         21      0.451  5.576E-03  5.681E-03  1.888E-02
                                         17      0.506  2.737E-02  2.776E-02  1.432E-02
                                         15      0.543  9.023E-02  1.119E-01  2.400E-01
                                         13      0.566  9.682E-02  1.231E-01  2.720E-01
                                          8      0.748  5.626E-02  5.755E-02  2.276E-02
                                          6      0.829  4.055E-02  4.131E-02  1.863E-02
                                          3      1.529  5.069E-01  5.078E-01  1.756E-03
                                          2      1.628  1.247E-01  1.249E-01  1.584E-03
 46   1.680810   2.0  1             4 u                      2+  0
                                         21      0.461  1.901E-02  2.040E-02  7.339E-02
                                          3      1.539  7.604E-03  7.641E-03  4.878E-03
                                          2      1.638  9.505E-01  9.657E-01  1.600E-02
                                          1      1.681  6.273E-03  6.273E-03  0.000E+00
 47   1.712390   3.0  1             2 u                    (3+)  0
                                          3      1.570  4.938E-01  4.961E-01  4.708E-03
                                          2      1.670  5.039E-01  5.039E-01  0.000E+00
 48   1.780810   2.0  1             6 u                      2+  0
                                         29      0.414  3.665E-02  3.747E-02  2.242E-02
                                         14      0.656  4.099E-02  7.787E-02  9.000E-01
                                          7      0.904  2.022E-01  2.032E-01  4.988E-03
                                          6      0.939  2.719E-01  2.732E-01  4.671E-03
                                          2      1.738  3.941E-01  3.941E-01  0.000E+00
                                          1      1.781  1.419E-02  1.419E-02  0.000E+00
 49   1.821760  -1.0  0             2                            0
                                          2      1.779  9.381E-01  9.381E-01  0.000E+00
                                          1      1.822  6.191E-02  6.191E-02  0.000E+00
 50   1.836730  -1.0  0             3                   (2+,1-)  0
                                          7      0.960  5.187E-01  5.187E-01  0.000E+00
                                          2      1.795  3.527E-02  3.527E-02  0.000E+00
                                          1      1.837  4.461E-01  4.461E-01  0.000E+00
 51   1.856570   3.0  1             5 u                    (3+)  0
                                         34      0.347  4.973E-01  5.758E-01  1.580E-01
                                         21      0.637  2.437E-03  2.513E-03  3.142E-02
                                         14      0.733  3.133E-01  3.207E-01  2.370E-02
                                          3      1.715  4.475E-02  4.475E-02  0.000E+00
                                          2      1.814  5.619E-02  5.619E-02  0.000E+00
 52   1.870210  -1.0  0             3                      1,2+  0
                                         24      0.581  2.949E-01  2.949E-01  0.000E+00
                                          2      1.827  6.702E-01  6.702E-01  0.000E+00
                                          1      1.870  3.485E-02  3.485E-02  0.000E+00
 53   1.875520  -1.0  0             3                      1,2+  0
                                         14      0.751  9.634E-01  9.634E-01  0.000E+00
                                          2      1.833  1.349E-02  1.349E-02  0.000E+00
                                          1      1.876  2.312E-02  2.312E-02  0.000E+00
 54   1.886760   1.0  1             4 u                    (1+)  0
                                         32      0.435  1.486E-01  3.269E-01  1.200E+00
                                          6      1.045  3.096E-01  3.108E-01  3.885E-03
                                          2      1.844  1.517E-01  1.517E-01  0.000E+00
                                          1      1.887  2.105E-01  2.105E-01  0.000E+00
 55   1.898080   2.0  1             4 u                    (2+)  0
                                         17      0.733  8.008E-01  8.198E-01  2.370E-02
                                          3      1.756  7.608E-02  7.608E-02  0.000E+00
                                          2      1.855  8.008E-02  8.008E-02  0.000E+00
                                          1      1.898  2.403E-02  2.403E-02  0.000E+00
 56   1.901330  -1.0  0             2                      2+,3  0
                                          3      1.759  9.653E-01  9.653E-01  0.000E+00
                                          2      1.859  3.475E-02  3.475E-02  0.000E+00
 57   1.906120  -1.0  0             2                   2+,3,4+  0
                                          3      1.764  4.872E-01  4.872E-01  0.000E+00
                                          2      1.863  5.128E-01  5.128E-01  0.000E+00
 58   1.909320  -1.0  0             2                     1-,2+  0
                                          2      1.866  7.752E-01  7.752E-01  0.000E+00
                                          1      1.909  2.248E-01  2.248E-01  0.000E+00
 59   1.924560  -1.0  0             2                      1,2+  0
                                          2      1.882  4.764E-01  4.764E-01  0.000E+00
                                          1      1.925  5.236E-01  5.236E-01  0.000E+00
 60   1.947090  -1.0  0             3                   2+,3,4+  0
                                         40      0.326  7.407E-01  7.407E-01  0.000E+00
                                          3      1.805  1.111E-01  1.111E-01  0.000E+00
                                          2      1.904  1.481E-01  1.481E-01  0.000E+00
 61   1.965000  -1.0  0             0                            0
 62   1.983350  -1.0  0             4                   (1+,2+)  0
                                         47      0.271  2.762E-01  2.762E-01  0.000E+00
                                         40      0.362  6.768E-01  6.768E-01  0.000E+00
                                          2      1.940  3.039E-02  3.039E-02  0.000E+00
                                          1      1.983  1.657E-02  1.657E-02  0.000E+00
 63   2.032510  -1.0  0             4                      1,2+  0
                                         44      0.371  2.861E-01  2.861E-01  0.000E+00
                                         32      0.581  5.722E-01  5.722E-01  0.000E+00
                                          2      1.990  7.153E-02  7.153E-02  0.000E+00
                                          1      2.032  7.010E-02  7.010E-02  0.000E+00
 64   2.146050  -1.0  0             2                      1,2+  0
                                          2      2.103  3.377E-01  3.377E-01  0.000E+00
                                          1      2.146  6.623E-01  6.623E-01  0.000E+00
 65   2.171420  -1.0  0             3                      2+,3  0
                                         37      0.578  7.738E-01  7.738E-01  0.000E+00
                                          3      2.029  1.071E-01  1.071E-01  0.000E+00
                                          2      2.129  1.190E-01  1.190E-01  0.000E+00
247Cm  247   96   55   23   30    5    5.156000    6.750000
  1   0.000000   4.5 -1   4.92E+14  0 u                    9/2-  1 =    100.0000 %A     
  2   0.061670   5.5 -1             1 u                   11/2-  0
                                          1      0.062  0.000E+00  0.000E+00  4.000E+01
  3   0.134650   6.5 -1             2 u                   13/2-  0
                                          2      0.073  1.372E-02  7.133E-01  5.100E+01
                                          1      0.135  4.730E-02  2.867E-01  5.060E+00
  4   0.219000   7.5 -1             2 u                   15/2-  0
                                          3      0.084  3.355E-02  9.393E-01  2.700E+01
                                          2      0.157  1.677E-02  6.072E-02  2.620E+00
  5   0.227380   2.5  1   2.63E-05  2 u                    5/2+  0
                                          2      0.166  1.448E-03  4.547E-02  3.040E+01
                                          1      0.227  8.229E-02  9.545E-01  1.060E+01
  6   0.265860   3.5  1             2 u                  (7/2+)  0
                                          5      0.038  5.181E-03  9.378E-01  1.800E+02
                                          1      0.266  5.888E-02  6.224E-02  5.710E-02
  7   0.285410   3.5  1             2 u                  (7/2+)  0
                                          5      0.058  7.755E-03  6.127E-01  7.800E+01
                                          1      0.285  3.693E-01  3.873E-01  4.890E-02
  8   0.309000   3.5  1             0 n                          0
  9   0.318300   4.5  1             3 u                    9/2+  0
                                          6      0.052  1.334E-02  9.475E-01  7.000E+01
                                          2      0.257  3.607E-02  3.829E-02  6.170E-02
                                          1      0.318  1.371E-02  1.424E-02  3.870E-02
 10   0.336000   0.5 -1             0 n                          0
 11   0.345900   4.5  1             3 u                  (9/2+)  0
                                          7      0.061  1.248E-02  7.863E-01  6.200E+01
                                          2      0.284  1.504E-01  1.578E-01  4.940E-02
                                          1      0.346  5.413E-02  5.589E-02  3.240E-02
 12   0.370000   1.5  1             0 n                          0
 13   0.381000   5.5  1             0 u                 (11/2+)  0
 14   0.398000   2.5  1             0 n                          0
 15   0.404900   0.5  1   1.01E-07  1 u                    1/2+  0
                                          5      0.178  0.000E+00  0.000E+00  1.610E+00
 16   0.417000   5.5 -1             0 n                          0
 17   0.433000   1.5  1             0 u                  (3/2+)  0
 18   0.439000   3.5  1             0 n                          0
 19   0.448000   2.5  1             0 u                  (5/2+)  0
 20   0.506000   0.5  1             0 u                  (1/2+)  0
 21   0.516700   3.5  1             1 u                  (7/2+)  0
                                          5      0.289  0.000E+00  0.000E+00  1.699E+00
 22   0.518580   1.5  1             2 u                  (3/2+)  0
                                         15      0.114  2.530E-02  1.562E-01  5.176E+00
                                          5      0.291  3.162E-01  8.438E-01  1.668E+00
 23   0.550000   4.5  1             0 u                  (9/2+)  0
 24   0.581700   2.5  1             2 u                  (5/2+)  0
                                          6      0.316  2.943E-01  6.866E-01  1.333E+00
                                          5      0.354  1.589E-01  3.134E-01  9.721E-01
 25   0.592000   6.5  1             0 n                          0
 26   0.604000   3.5  1             0 u                  (7/2+)  0
 27   0.668000   2.5  1             0 n                          0
 28   0.687000   0.5  1             0 n                          0
 29   0.699000   4.5  1             0 u                  (9/2+)  0
 30   0.749000   2.5 -1             0 n                          0
 31   0.784000  -1.0  0             0                            0
 32   0.803000  -1.0  0             0                            0
 33   0.819000  -1.0  0             0                            0
 34   0.856000  -1.0  0             0                            0
 35   0.897000  -1.0  0             0                            0
 36   0.947000  -1.0  0             0                            0
 37   0.957000  -1.0  0             0                            0
 38   0.988000  -1.0  0             0                            0
 39   1.001000  -1.0  0             0                            0
 40   1.044000  -1.0  0             0                            0
 41   1.064000  -1.0  0             0                            0
 42   1.079000  -1.0  0             0                            0
 43   1.091000  -1.0  0             0                            0
 44   1.159000  -1.0  0             0                            0
 45   1.182000  -1.0  0             0                            0
 46   1.199000  -1.0  0             0                            0
 47   1.239000  -1.0  0             0                            0
 48   1.247000  -1.0  0             0                            0
 49   1.271000  -1.0  0             0                            0
 50   1.283000  -1.0  0             0                            0
 51   1.317000  -1.0  0             0                            0
 52   1.356000  -1.0  0             0                            0
 53   1.364000  -1.0  0             0                            0
 54   1.372000  -1.0  0             0                            0
 55   1.512000  -1.0  0             0                            0
248Cm  248   96   45   24   25    6    6.213000    7.050000
  1   0.000000   0.0  1   1.10E+13  0 u                      0+  2 =     91.6000 %A      =      8.3900 %SF    
  2   0.043400   2.0  1   1.24E-10  1 u                      2+  0
                                          1      0.043  0.000E+00  0.000E+00  1.010E+03
  3   0.143600   4.0  1   7.80E-11  1 u                      4+  0
                                          2      0.100  0.000E+00  0.000E+00  1.900E+01
  4   0.298100   6.0  1   3.30E-11  1 u                      6+  0
                                          3      0.155  0.000E+00  0.000E+00  2.830E+00
  5   0.505000   8.0  1   1.32E-11  1 u                      8+  0
                                          4      0.207  0.000E+00  0.000E+00  8.880E-01
  6   0.760700  10.0  1   9.40E-12  1 u                     10+  0
                                          5      0.256  0.000E+00  0.000E+00  4.150E-01
  7   1.049000   2.0  1   1.24E-12  0 u                    (2+)  0
  8   1.049000   1.0 -1             0 u                    (1-)  0
  9   1.061300  12.0  1   3.90E-12  1 u                     12+  0
                                          6      0.301  0.000E+00  0.000E+00  2.440E-01
 10   1.084000   0.0  1             0 u                      0+  0
 11   1.094000   3.0 -1             0 u                      3-  0
 12   1.126000   2.0  1             0 u                    (2+)  0
 13   1.143000   4.0  1             0 u                    (4+)  0
 14   1.172000   5.0 -1             0 u                    (5-)  0
 15   1.222000   4.0  1             0 u                    (4+)  0
 16   1.235000   3.0 -1             0 u                    (3-)  0
 17   1.302000   3.0 -1             0 u                    (3-)  0
 18   1.314000   1.0  1             0 n                          0
 19   1.353000   0.0 -1             0 n                          0
 20   1.394000   5.0  1             0 n                          0
 21   1.402500  14.0  1   1.69E-12  1 u                     14+  0
                                          9      0.341  0.000E+00  0.000E+00  1.660E-01
 22   1.435000   7.0  1             0 n                          0
 23   1.464000   7.0 -1             0 n                          0
 24   1.482000   3.0 -1             0 u                    (3-)  0
 25   1.509000   2.0  1             0 n                          0
 26   1.547000  -1.0  0             0                            0
 27   1.649000  -1.0  0             0                            0
 28   1.680000  11.0 -1             1 u                   (11-)  0
                                          9      0.619  0.000E+00  0.000E+00  9.813E-03
 29   1.779600  16.0  1   1.47E-12  1 u                     16+  0
                                         21      0.377  0.000E+00  0.000E+00  1.250E-01
 30   1.883000  -1.0  0             0                            0
 31   1.938000  -1.0  0             0                            0
 32   1.938000  13.0 -1             2 u                   (13-)  0
                                         28      0.259  0.000E+00  0.000E+00  3.975E-01
                                         21      0.536  0.000E+00  0.000E+00  1.281E-02
 33   1.969000  -1.0  0             0                            0
 34   2.000000  -1.0  0             0                            0
 35   2.187700  18.0  1   9.80E-13  1 u                     18+  0
                                         29      0.408  0.000E+00  0.000E+00  1.010E-01
 36   2.238000  15.0 -1             2 u                   (15-)  0
                                         32      0.300  0.000E+00  0.000E+00  2.461E-01
                                         29      0.458  0.000E+00  0.000E+00  1.832E-02
 37   2.574000  17.0 -1             2 u                   (17-)  0
                                         36      0.337  0.000E+00  0.000E+00  1.725E-01
                                         35      0.386  0.000E+00  0.000E+00  2.587E-02
 38   2.621500  20.0  1   7.10E-13  1 u                     20+  0
                                         35      0.434  0.000E+00  0.000E+00  8.560E-02
 39   2.944000  19.0 -1             1 u                   (19-)  0
                                         37      0.370  0.000E+00  0.000E+00  1.317E-01
 40   3.077200  22.0  1   4.20E-13  1 u                     22+  0
                                         38      0.456  0.000E+00  0.000E+00  7.550E-02
 41   3.344000  21.0 -1             1 u                   (21-)  0
                                         39      0.400  0.000E+00  0.000E+00  1.062E-01
 42   3.552400  24.0  1   4.00E-13  1 u                     24+  0
                                         40      0.475  0.000E+00  0.000E+00  6.810E-02
 43   3.772000  23.0 -1             1 u                   (23-)  0
                                         41      0.428  0.000E+00  0.000E+00  8.880E-02
 44   4.048200  26.0  1             1 u                     26+  0
                                         42      0.496  0.000E+00  0.000E+00  6.140E-02
 45   4.564500  28.0  1             1 u                     28+  0
                                         44      0.516  0.000E+00  0.000E+00  5.510E-02
249Cm  249   96   51   55   26    1    4.713500    7.100000
  1   0.000000   0.5  1   3.85E+03  0 u                  1/2(+)  1 =    100.0000 %B-    
  2   0.026228   1.5  1             1 u                  3/2(+)  0
                                          1      0.026  0.000E+00  0.000E+00  3.558E+02
  3   0.048203   2.5  1             0 u                  5/2(+)  0
  4   0.048758   3.5  1   2.30E-05  1 u                  (7/2+)  0
                                          2      0.023  5.882E-05  1.000E+00  1.700E+04
  5   0.110000   4.5  1             1 u                  (9/2+)  0
                                          4      0.060  0.000E+00  0.000E+00  3.272E+01
  6   0.110154   3.5  1             1 u                  (7/2+)  0
                                          2      0.084  0.000E+00  0.000E+00  4.358E+01
  7   0.146000   4.5  1             0 u                  (9/2+)  0
  8   0.208001   1.5  1             5 u                  (3/2+)  0
                                          6      0.098  1.162E-02  2.586E-01  2.126E+01
                                          4      0.159  2.613E-02  9.139E-02  2.497E+00
                                          3      0.160  2.365E-02  2.364E-01  8.998E+00
                                          2      0.182  2.696E-02  1.952E-01  6.241E+00
                                          1      0.208  4.148E-02  2.184E-01  4.264E+00
  9   0.220000   4.5  1             0 u                  (9/2+)  0
 10   0.242008   2.5  1             3 u                  (5/2+)  0
                                          4      0.193  6.248E-02  3.904E-01  5.249E+00
                                          3      0.194  9.056E-02  5.619E-01  5.205E+00
                                          1      0.242  3.169E-02  4.762E-02  5.023E-01
 11   0.289006   3.5  1             2 u                  (7/2+)  0
                                          4      0.240  1.007E-01  3.876E-01  2.848E+00
                                          3      0.241  1.599E-01  6.124E-01  2.830E+00
 12   0.300000   5.5  1             0 u                 (11/2+)  0
 13   0.306800   1.5  1             0 c                 1/2,3/2  0
 14   0.350000   4.5  1             0 u                  (9/2+)  0
 15   0.470211   1.5 -1             3 u                  (3/2-)  0
                                          3      0.422  5.164E-01  5.276E-01  2.159E-02
                                          2      0.444  3.563E-02  3.633E-02  1.948E-02
                                          1      0.470  4.286E-01  4.361E-01  1.739E-02
 16   0.494485   0.5 -1             2 u                  (1/2-)  0
                                          2      0.468  4.311E-01  4.386E-01  1.753E-02
                                          1      0.494  5.527E-01  5.614E-01  1.575E-02
 17   0.498000   3.5 -1             0 u                  (7/2-)  0
 18   0.529623   2.5  1             2 u                  (5/2+)  0
                                         11      0.241  2.204E-01  8.453E-01  2.836E+00
                                          8      0.322  6.832E-02  1.547E-01  1.265E+00
 19   0.546859   2.5 -1             3 u                  (5/2-)  0
                                         15      0.077  4.843E-02  8.348E-01  1.624E+01
                                         11      0.258  1.242E-01  1.318E-01  6.113E-02
                                          8      0.339  3.229E-02  3.338E-02  3.379E-02
 20   0.575000   2.5 -1             0 n                          0
 21   0.578417   3.5  1             1 u                  (7/2+)  0
                                          6      0.468  6.877E-01  1.000E+00  4.541E-01
 22   0.593000   7.5 -1             0 u                 (15/2-)  0
 23   0.634000   1.5  1             0 n                          0
 24   0.664000   0.5 -1             0 n                          0
 25   0.688000   1.5 -1             0 n                          0
 26   0.690500   4.5 -1             0 n                          0
 27   0.772770   1.5 -1             6 u                  (3/2-)  0
                                         19      0.226  4.411E-02  1.930E-01  3.376E+00
                                         16      0.278  3.482E-02  1.008E-01  1.894E+00
                                         15      0.303  9.518E-02  2.380E-01  1.500E+00
                                         10      0.532  1.045E-01  1.058E-01  1.300E-02
                                          3      0.724  2.321E-01  2.339E-01  7.386E-03
                                          1      0.773  1.277E-01  1.285E-01  6.581E-03
 28   0.818875   2.5 -1             3 u                  (5/2-)  0
                                         21      0.240  1.235E-01  1.323E-01  7.128E-02
                                         19      0.272  9.117E-02  2.750E-01  2.017E+00
                                         15      0.349  2.941E-01  5.926E-01  1.015E+00
 29   0.858977  -1.0  0             2                (1/2-,3/2)  0
                                         19      0.312  1.803E-01  1.803E-01  0.000E+00
                                          2      0.833  8.197E-01  8.197E-01  0.000E+00
 30   0.870000  -1.0  0             0                            0
 31   0.917500   0.5 -1             3 u                  (1/2-)  0
                                         16      0.423  2.344E-01  3.749E-01  5.990E-01
                                         15      0.447  1.398E-01  2.117E-01  5.142E-01
                                          2      0.891  4.113E-01  4.134E-01  5.117E-03
 32   0.963060   1.5 -1             2 u                  (3/2-)  0
                                          3      0.915  6.339E-01  6.370E-01  4.890E-03
                                          1      0.963  3.613E-01  3.630E-01  4.472E-03
 33   0.971120   2.5 -1             2 u                  (5/2-)  0
                                         18      0.442  1.855E-01  1.891E-01  1.971E-02
                                          6      0.861  8.065E-01  8.109E-01  5.439E-03
 34   1.011300  -1.0  0             0                 (1/2,3/2)  0
 35   1.030000  -1.0  0             0                            0
 36   1.047760  -1.0  0             4                 (1/2,3/2)  0
                                         33      0.077  2.039E-01  2.039E-01  0.000E+00
                                         32      0.085  2.087E-01  2.087E-01  0.000E+00
                                         31      0.130  4.854E-01  4.854E-01  0.000E+00
                                         28      0.229  1.019E-01  1.019E-01  0.000E+00
 37   1.153570  -1.0  0             4                (1/2-,3/2)  0
                                         33      0.182  9.605E-02  9.605E-02  0.000E+00
                                         19      0.607  9.887E-02  9.887E-02  0.000E+00
                                         15      0.683  9.887E-02  9.887E-02  0.000E+00
                                          2      1.127  7.062E-01  7.062E-01  0.000E+00
 38   1.175900  -1.0  0             3                 (1/2,3/2)  0
                                         15      0.706  2.192E-01  2.192E-01  0.000E+00
                                          8      0.968  3.242E-01  3.242E-01  0.000E+00
                                          1      1.176  4.566E-01  4.566E-01  0.000E+00
 39   1.203700  -1.0  0             0                 (1/2,3/2)  0
 40   1.263300  -1.0  0             0                 (1/2,3/2)  0
 41   1.269310  -1.0  0             1                 (1/2,3/2)  0
                                          1      1.270  1.000E+00  1.000E+00  0.000E+00
 42   1.314400  -1.0  0             0                 (1/2,3/2)  0
 43   1.353000  -1.0  0             0                            0
 44   1.382000  -1.0  0             0                            0
 45   1.528000  -1.0  0             0                            0
 46   1.550000  -1.0  0             0                            0
 47   1.560000  -1.0  0             0                            0
 48   1.570000  -1.0  0             0                            0
 49   1.650000  -1.0  0             0                            0
 50   1.898000  -1.0  0             0                            0
 51   4.713450   0.5  1             0 u                    1/2+  0
250Cm  250   96    2    0    1    2    5.832000    7.409000
  1   0.000000   0.0  1   2.62E+11  0                        0+  3 AP    18.0000 %A      AP     8.0000 %B-     AP    74.0000 %SF    
  2   0.043000   2.0  1             0                        2+  0
251Cm  251   96    1    0    1    1    4.413000    0.000000
  1   0.000000   0.5  1   1.01E+03  0                    (1/2+)  1 =    100.0000 %B-    
252Cm  252   96    1    0    1    1    5.663000    0.000000
  1   0.000000   0.0  1   1.73E+05  0                        0+  0
