234Bk  234   97    1    0    1    1    7.390000    1.500000
  1   0.000000  -1.0  0   1.40E+02  0                            2 LE    20.0000 %EC     GE    80.0000 %A     
238Bk  238   97    1    0    1    1    7.000000    2.300000
  1   0.000000  -1.0  0   1.44E+02  0                            1 =    100.0000 %EC+%B+
239Bk  239   97    1    0    1    1    8.000000    2.300000
  1   0.000000  -1.0  0             0                            0
240Bk  240   97    2    0    1    1    6.690001    2.820000
  1   0.000000  -1.0  0   2.88E+02  0                            1 ?      0.0000 %EC+%B+
  2   0.240000  -1.0  0             0                            0
241Bk  241   97    4    0    1    1    7.630001    2.910000
  1   0.000000   3.5  1   2.76E+02  0                    (7/2+)  2 ?      0.0000 %EC+%B+ ?      0.0000 %A     
  2   0.051000   1.5 -1             0                    (3/2-)  0
  3   0.082000   2.5 -1             0                    (5/2-)  0
  4   0.128000   3.5 -1             0                    (7/2-)  0
242Bk  242   97    2    0    1    1    6.370000    3.190000
  1   0.000000  -1.0  0   4.20E+02  0                            1 LE   100.0000 %EC+%B+
  2   0.250000  -1.0  0             0                            0
243Bk  243   97    5    0    1    1    7.120000    3.403000
  1   0.000000   1.5 -1   1.62E+04  0                    (3/2-)  2 AP    99.8000 %EC     AP     0.1500 %A     
  2   0.046000   3.5  1             0                    (7/2+)  0
  3   0.095000   4.5  1             0                    (9/2+)  0
  4   0.158000   5.5  1             0                   (11/2+)  0
  5   2.200000  -1.0  0   5.00E-09  0                            1 LE   100.0000 %SF    
244Bk  244   97    4    0    1    1    6.053000    3.763000
  1   0.000000   4.0 -1   1.57E+04  0                      (4-)  2 =    100.0000 %EC     =      0.0060 %A     
  2   0.140000  -1.0  0             0                            0
  3   0.170000  -1.0  0             0                            0
  4   0.200000  -1.0  0             0                            0
245Bk  245   97    2    0    1    1    6.950000    3.926000
  1   0.000000   1.5 -1   4.27E+05  0                      3/2-  2 =     99.9000 %EC     =      0.1200 %A     
  2   1.560000  -1.0  0   2.00E-09  0                            1 =    100.0000 %SF    
246Bk  246   97    1    0    1    1    5.920000    4.330000
  1   0.000000   2.0 -1   1.56E+05  0                      2(-)  2 =    100.0000 %EC+%B+ <      0.2000 %A     
247Bk  247   97   25   15   16    1    6.550000    4.417000
  1   0.000000   1.5 -1   4.35E+10  0 u                  (3/2-)  1 LE   100.0000 %A     
  2   0.029900   2.5 -1             1 u                  (5/2-)  0
                                          1      0.030  0.000E+00  0.000E+00  2.679E+02
  3   0.040800   3.5  1             2 u                    7/2+  0
                                          2      0.011  0.000E+00  0.000E+00  9.512E+00
                                          1      0.041  0.000E+00  0.000E+00  6.331E+03
  4   0.071600   3.5 -1             0 u                  (7/2-)  0
  5   0.082800   4.5  1             1 u                  (9/2)+  0
                                          3      0.042  0.000E+00  0.000E+00  9.815E+01
  6   0.125500   4.5 -1             0 u                  (9/2-)  0
  7   0.137000   5.5  1             0 u                 (11/2+)  0
  8   0.196000   6.5  1             0 u                 (13/2+)  0
  9   0.265000   7.5  1             0 u                 (15/2+)  0
 10   0.334900   2.5  1             3 u                  (5/2)+  0
                                          3      0.294  3.547E-01  9.860E-01  1.780E+00
                                          2      0.305  3.192E-03  3.331E-03  4.342E-02
                                          1      0.335  1.029E-02  1.065E-02  3.573E-02
 11   0.378100   3.5  1             1 u                  (7/2+)  0
                                          3      0.337  0.000E+00  0.000E+00  1.221E+00
 12   0.447800   2.5 -1             4 u                  (5/2-)  0
                                          4      0.376  4.520E-02  8.606E-02  9.041E-01
                                          3      0.407  1.226E-01  1.256E-01  2.400E-02
                                          2      0.418  2.172E-01  3.259E-01  5.000E-01
                                          1      0.448  3.504E-01  4.625E-01  3.200E-01
 13   0.487000   0.5  1             0 u                  (1/2+)  0
 14   0.489400   3.5 -1             3 u                  (7/2-)  0
                                          6      0.364  2.845E-01  5.663E-01  9.904E-01
                                          4      0.418  0.000E+00  0.000E+00  6.786E-01
                                          2      0.460  2.845E-01  4.337E-01  5.242E-01
 15   0.518000   1.5  1             0 u                  (3/2+)  0
 16   0.541000   4.5 -1             0 u                  (9/2-)  0
 17   0.587000   6.5  1             0 u                 (13/2+)  0
 18   0.704000   0.5 -1             0 u                  (1/2-)  0
 19   0.743000   2.5 -1             0 u                  (5/2-)  0
 20   0.815000   3.5 -1             0 u                  (7/2-)  0
 21   0.828000   4.5 -1             0 u                  (9/2-)  0
 22   0.904000   4.5 -1             0 u                  (9/2-)  0
 23   0.983000  -1.0  0             0                            0
 24   1.149000  -1.0  0             0                            0
 25   1.166000   6.5  1             0 u                 (13/2+)  0
248Bk  248   97    1    0    1    1    5.480000    4.743000
  1   0.000000  -1.0  0   2.84E+08  0                            0
249Bk  249   97   52   69   32    1    6.300000    4.832000
  1   0.000000   3.5  1   2.85E+07  0 u                    7/2+  3 =      0.0014 %A      =    100.0000 %B-     =      0.0000 %SF    
  2   0.008800   1.5 -1   3.00E-04  1 u                  (3/2-)  0
                                          1      0.009  3.155E-07  1.000E+00  3.170E+06
  3   0.039640   2.5 -1             1 u                  (5/2-)  0
                                          2      0.031  0.000E+00  0.000E+00  3.400E+02
  4   0.041790   4.5  1   9.00E-12  1 u                    9/2+  0
                                          1      0.042  7.874E-03  1.000E+00  1.260E+02
  5   0.082620   3.5 -1             2 u                  (7/2-)  0
                                          3      0.043  8.426E-03  9.184E-01  1.080E+02
                                          2      0.074  9.269E-04  8.156E-02  8.700E+01
  6   0.093750   5.5  1   5.00E-12  2 u                   11/2+  0
                                          4      0.052  1.445E-02  9.534E-01  6.500E+01
                                          1      0.094  1.589E-03  4.656E-02  2.830E+01
  7   0.137720   4.5 -1             2 u                  (9/2-)  0
                                          5      0.055  1.579E-02  8.528E-01  5.300E+01
                                          3      0.098  6.159E-03  1.472E-01  2.290E+01
  8   0.155830   6.5  1             2 u                   13/2+  0
                                          6      0.062  2.376E-02  9.028E-01  3.700E+01
                                          4      0.114  7.840E-03  9.722E-02  1.140E+01
  9   0.204590   5.5 -1             3 u                 (11/2-)  0
                                          7      0.067  2.903E-02  8.112E-01  2.694E+01
                                          5      0.122  2.003E-02  1.883E-01  8.400E+00
                                          4      0.163  4.065E-04  4.782E-04  1.765E-01
 10   0.229270   7.5  1             2 u                 (15/2+)  0
                                          8      0.073  4.271E-02  9.186E-01  2.051E+01
                                          6      0.136  1.281E-02  8.141E-02  5.353E+00
 11   0.283170   6.5 -1             2 u                 (13/2-)  0
                                          9      0.078  4.366E-02  7.835E-01  1.695E+01
                                          7      0.145  4.366E-02  2.165E-01  3.960E+00
 12   0.313000   8.5  1             0 u                 (17/2+)  0
 13   0.372900   7.5 -1             1 u                 (15/2-)  0
                                          9      0.168  0.000E+00  0.000E+00  2.153E+00
 14   0.377590   0.5  1             1 u                  (1/2+)  0
                                          2      0.369  6.667E-01  1.000E+00  5.000E-01
 15   0.389180   2.5  1             5 u                  (5/2)+  0
                                          5      0.307  5.397E-04  5.629E-04  4.304E-02
                                          4      0.347  3.670E-03  4.288E-03  1.684E-01
                                          3      0.350  2.860E-03  2.954E-03  3.269E-02
                                          2      0.380  7.556E-03  7.764E-03  2.750E-02
                                          1      0.389  5.397E-01  9.844E-01  8.240E-01
 16   0.410620   1.5  1             0 u                  (3/2+)  0
 17   0.421210   2.5  1             1 u                  (5/2+)  0
                                          1      0.421  6.010E-01  1.000E+00  6.638E-01
 18   0.428940   3.5  1             5 u                  (7/2)+  0
                                          7      0.291  7.984E-04  8.368E-04  4.802E-02
                                          6      0.335  3.446E-03  4.090E-03  1.870E-01
                                          5      0.346  3.992E-03  4.125E-03  3.333E-02
                                          4      0.387  4.202E-01  7.732E-01  8.400E-01
                                          1      0.429  1.387E-01  2.177E-01  5.700E-01
 19   0.474900   4.5  1             6 u                  (9/2+)  0
                                          8      0.319  2.355E-03  2.865E-03  2.169E-01
                                          7      0.337  3.409E-03  3.529E-03  3.521E-02
                                          6      0.381  3.515E-01  6.572E-01  8.700E-01
                                          5      0.392  8.084E-03  8.292E-03  2.585E-02
                                          4      0.433  1.828E-01  2.953E-01  6.160E-01
                                          1      0.475  2.214E-02  3.275E-02  4.790E-01
 20   0.518900   3.5  1             2 u                  (7/2+)  0
                                          6      0.425  5.457E-01  5.981E-01  9.607E-02
                                          4      0.477  2.728E-01  4.019E-01  4.731E-01
 21   0.542000   5.5  1             6 u                 (11/2+)  0
                                         10      0.313  1.099E-03  1.353E-03  2.306E-01
                                          8      0.386  3.547E-01  6.526E-01  8.400E-01
                                          7      0.405  1.525E-03  1.562E-03  2.427E-02
                                          6      0.448  1.880E-01  2.726E-01  4.500E-01
                                          4      0.500  4.611E-02  6.528E-02  4.160E-01
                                          1      0.542  6.384E-03  6.683E-03  4.680E-02
 22   0.553000   4.5 -1             0 n                          0
 23   0.558080   1.5 -1             6 u                  (3/2-)  0
                                         17      0.137  1.608E-01  2.031E-01  2.626E-01
                                         15      0.169  9.137E-03  1.062E-02  1.617E-01
                                         14      0.181  8.406E-02  9.577E-02  1.393E-01
                                          5      0.475  2.997E-02  3.214E-02  7.224E-02
                                          3      0.518  3.655E-01  4.961E-01  3.574E-01
                                          2      0.549  1.243E-01  1.623E-01  3.059E-01
 24   0.569240   0.5 -1             4 u                  (1/2-)  0
                                         16      0.159  2.831E-03  3.361E-03  1.870E-01
                                         14      0.192  9.626E-03  1.080E-02  1.218E-01
                                          3      0.530  6.714E-03  7.045E-03  4.925E-02
                                          2      0.560  8.089E-01  9.788E-01  2.100E-01
 25   0.570000   4.5 -1             0 n                          0
 26   0.597600   6.5  1             3 u                 (13/2+)  0
                                         10      0.368  4.138E-01  8.100E-01  9.575E-01
                                          8      0.442  9.931E-02  1.573E-01  5.840E-01
                                          6      0.504  2.359E-02  3.269E-02  3.862E-01
 27   0.606600   3.5 -1             3 u                  (7/2-)  0
                                          7      0.469  3.183E-01  4.763E-01  4.964E-01
                                          5      0.524  2.101E-01  2.831E-01  3.474E-01
                                          3      0.567  1.878E-01  2.406E-01  2.811E-01
 28   0.625000   2.5 -1             2 u                  (5/2-)  0
                                          3      0.585  7.179E-01  9.033E-01  2.583E-01
                                          2      0.616  7.896E-02  9.672E-02  2.249E-01
 29   0.625000   0.5  1             0 n                          0
 30   0.643120   0.5 -1             3 u                  (1/2-)  0
                                         23      0.085  2.946E-03  4.211E-02  1.329E+01
                                          3      0.603  3.519E-03  3.650E-03  3.716E-02
                                          2      0.634  8.184E-01  9.542E-01  1.660E-01
 31   0.661560   1.5 -1             2 u                  (3/2-)  0
                                          3      0.622  4.939E-01  5.630E-01  1.400E-01
                                          2      0.653  3.902E-01  4.370E-01  1.200E-01
 32   0.682000   2.5 -1             0 n                          0
 33   0.700000   5.5 -1             0 u                 (11/2-)  0
 34   0.709000  -1.0  0             0                            0
 35   0.719000  -1.0  0             0                            0
 36   0.734000  -1.0  0             0                            0
 37   0.750000   4.5 -1             0 u                  (9/2-)  0
 38   0.769000  -1.0  0             0                            0
 39   0.794000  -1.0  0             0                            0
 40   0.829000   5.5 -1             0 u                 (11/2-)  0
 41   0.840000  -1.0  0             0                            0
 42   0.909000  -1.0  0             0                            0
 43   0.932300  -1.0  0             1                            0
                                          1      0.932  0.000E+00  0.000E+00  0.000E+00
 44   0.947000  -1.0  0             0                            0
 45   0.986000  -1.0  0             0                            0
 46   1.134000  -1.0  0             0                            0
 47   1.158000  -1.0  0             0                            0
 48   1.186000  -1.0  0             0                            0
 49   1.229000  -1.0  0             0                            0
 50   1.311000  -1.0  0             0                            0
 51   1.347000  -1.0  0             0                            0
 52   1.390000  -1.0  0             0                            0
250Bk  250   97   41   53   36    1    4.969000    5.087000
  1   0.000000   2.0 -1   1.16E+04  0 u                      2-  1 =    100.0000 %B-    
  2   0.034470   3.0 -1             1 u                    (3-)  0
                                          1      0.034  0.000E+00  0.000E+00  1.800E+03
  3   0.035590   4.0  1   2.90E-05  2 u                    (4+)  0
                                          2      0.001  0.000E+00  0.000E+00  0.000E+00
                                          1      0.036  7.751E-05  1.000E+00  1.290E+04
  4   0.078330   5.0  1             1 u                    (5+)  0
                                          3      0.043  0.000E+00  0.000E+00  9.321E+01
  5   0.080260   4.0 -1             2 u                    (4-)  0
                                          2      0.046  0.000E+00  0.000E+00  7.605E+01
                                          1      0.080  0.000E+00  0.000E+00  5.864E+01
  6   0.086000   7.0  1   2.13E-04  1 u                    (7+)  0
                                          4      0.008  0.000E+00  0.000E+00  1.300E+06
  7   0.097490   5.0 -1   3.80E-08  1 u                    (5-)  0
                                          3      0.062  0.000E+00  0.000E+00  5.080E-01
  8   0.103830   1.0 -1             1 u                    (1-)  0
                                          1      0.104  0.000E+00  0.000E+00  7.470E+00
  9   0.115450   3.0  1             1 u                    (3+)  0
                                          3      0.080  0.000E+00  0.000E+00  1.600E+01
 10   0.125010   2.0 -1             2 u                    (2-)  0
                                          2      0.091  6.198E-02  7.499E-01  1.110E+01
                                          1      0.125  4.648E-02  2.501E-01  4.380E+00
 11   0.130490   6.0  1             2 u                    (6+)  0
                                          4      0.052  0.000E+00  0.000E+00  2.600E+02
                                          3      0.095  0.000E+00  0.000E+00  2.670E+01
 12   0.137320   5.0 -1             2 u                    (5-)  0
                                          5      0.057  0.000E+00  0.000E+00  4.280E+01
                                          2      0.103  0.000E+00  0.000E+00  1.840E+01
 13   0.146430   2.0 -1             2 u                    (2-)  0
                                          2      0.112  0.000E+00  0.000E+00  6.010E+00
                                          1      0.146  0.000E+00  0.000E+00  8.300E+00
 14   0.148600   4.0  1             2 u                    (4+)  0
                                          4      0.070  0.000E+00  0.000E+00  2.330E+01
                                          3      0.113  0.000E+00  0.000E+00  5.850E+00
 15   0.156000   8.0  1             1 u                    (8+)  0
                                          6      0.070  0.000E+00  0.000E+00  6.600E+01
 16   0.157390   3.0 -1             3 u                    (3-)  0
                                          8      0.054  0.000E+00  0.000E+00  4.030E+02
                                          5      0.077  0.000E+00  0.000E+00  1.780E+01
                                          2      0.123  0.000E+00  0.000E+00  4.590E+00
 17   0.167090   6.0 -1             1 u                    (6-)  0
                                          7      0.070  0.000E+00  0.000E+00  6.900E+01
 18   0.175130   1.0  1   4.20E-08  3 u                    (1+)  0
                                         10      0.050  1.094E-01  2.059E-01  8.820E-01
                                          8      0.071  4.974E-01  6.725E-01  3.520E-01
                                          1      0.175  3.233E-02  1.216E-01  2.760E+00
 19   0.179990   3.0 -1             2 u                    (3-)  0
                                          2      0.146  0.000E+00  0.000E+00  1.290E+01
                                          1      0.180  0.000E+00  0.000E+00  4.300E+00
 20   0.190000   7.0  1             0 u                    (7+)  0
 21   0.203640   4.0 -1             2 u                    (4-)  0
                                          5      0.123  0.000E+00  0.000E+00  4.550E+00
                                          2      0.169  0.000E+00  0.000E+00  8.400E+00
 22   0.211820   2.0  1             4 u                      2+  0
                                         18      0.037  0.000E+00  0.000E+00  1.461E+02
                                          9      0.096  2.480E-02  2.550E-01  9.280E+00
                                          2      0.177  2.480E-01  2.840E-01  1.450E-01
                                          1      0.212  4.204E-01  4.610E-01  9.670E-02
 23   0.215940   0.0  1             2 u                    (0+)  0
                                         18      0.041  0.000E+00  0.000E+00  1.140E+02
                                          8      0.112  0.000E+00  0.000E+00  1.090E-01
 24   0.236740   3.0  1             2 u                    (3+)  0
                                          9      0.121  0.000E+00  0.000E+00  4.780E+00
                                          2      0.202  0.000E+00  0.000E+00  1.074E-01
 25   0.241000   9.0  1             1 u                    (9+)  0
                                         15      0.085  0.000E+00  0.000E+00  1.333E+01
 26   0.247900   7.0 -1             2 u                    (7-)  0
                                         17      0.081  0.000E+00  0.000E+00  1.552E+01
                                          7      0.150  0.000E+00  0.000E+00  3.470E+00
 27   0.270460   4.0  1             2 u                    (4+)  0
                                         22      0.059  0.000E+00  0.000E+00  2.610E+02
                                          2      0.236  0.000E+00  0.000E+00  7.594E-02
 28   0.298000   5.0 -1             0 n                          0
 29   0.316000   5.0  1             0 u                    (5+)  0
 30   0.316460   5.0  1             2 u                    (5+)  0
                                          4      0.238  0.000E+00  0.000E+00  3.210E+00
                                          3      0.281  0.000E+00  0.000E+00  2.030E+00
 31   0.325000   5.0 -1             2 g                          0
                                          7      0.233  1.291E-01  5.695E-01  3.412E+00
                                          4      0.249  4.033E-01  4.305E-01  6.743E-02
 32   0.333000   2.0  1             0 n                          0
 33   0.341000   2.0  1             0 n                          0
 34   0.369610   6.0  1             2 u                    (6+)  0
                                         11      0.239  0.000E+00  0.000E+00  3.170E+00
                                          4      0.291  0.000E+00  0.000E+00  1.810E+00
 35   0.406000   6.0  1             0 u                    (6+)  0
 36   0.413000   3.0  1             1 g                          0
                                          7      0.316  0.000E+00  0.000E+00  4.336E+00
 37   0.471000  -1.0  0             1                            0
                                         17      0.304  0.000E+00  0.000E+00  0.000E+00
 38   0.526000  -1.0  0             0                            0
 39   0.527000  -1.0  0             0                            0
 40   0.552000  -1.0  0             0                            0
 41   0.566000  -1.0  0             0                            0
251Bk  251   97   12   15    1    1    5.795000    5.050000
  1   0.000000   1.5 -1   3.34E+03  0                    (3/2-)  1 =    100.0000 %B-    
  2   0.032500   2.5 -1             1                    (5/2-)  0
                                          1      0.033  0.000E+00  0.000E+00  2.091E+02
  3   0.035500   3.5  1   5.80E-05  1                    (7/2+)  0
                                          1      0.036  7.692E-05  1.000E+00  1.300E+04
  4   0.070000   4.5  1             0                    (9/2+)  0
  5   0.124000   5.5  1             0                   (11/2+)  0
  6   0.269100  -1.0  0             2                            0
                                          3      0.234  1.000E+00  1.000E+00  0.000E+00
                                          1      0.269  0.000E+00  0.000E+00  0.000E+00
  7   0.311700  -1.0  0             1            (1/2,3/2,5/2-)  0
                                          1      0.312  0.000E+00  0.000E+00  0.000E+00
  8   0.422200  -1.0  0             2                (1/2-,3/2)  0
                                          2      0.390  6.410E-01  6.410E-01  0.000E+00
                                          1      0.422  3.590E-01  3.590E-01  0.000E+00
  9   0.438200  -1.0  0             1                 (1/2,3/2)  0
                                          1      0.438  0.000E+00  0.000E+00  0.000E+00
 10   0.542600  -1.0  0             1                 (1/2,3/2)  0
                                          1      0.543  0.000E+00  0.000E+00  0.000E+00
 11   0.562500  -1.0  0             2                (1/2-,3/2)  0
                                          2      0.530  6.135E-01  6.135E-01  0.000E+00
                                          1      0.562  3.865E-01  3.865E-01  0.000E+00
 12   0.978400  -1.0  0             4                (1/2-,3/2)  0
                                         11      0.416  1.096E-01  1.096E-01  0.000E+00
                                         10      0.436  1.027E-01  1.027E-01  0.000E+00
                                          2      0.946  1.027E-01  1.027E-01  0.000E+00
                                          1      0.978  6.849E-01  6.849E-01  0.000E+00
252Bk  252   97    1    0    1    1    4.765000    5.403000
  1   0.000000  -1.0  0             0                            0
