241Es  241   99    1    0    1    1    8.430000    1.480000
  1   0.000000  -1.0  0   8.00E+00  0                            2 ?      0.0000 %EC     ?      0.0000 %A     
242Es  242   99    1    0    1    1    7.110000    1.720000
  1   0.000000  -1.0  0   1.35E+01  0                            2 >      0.0000 %EC+%B+ >      0.0000 %A     
243Es  243   99    2    1    1    1    8.050000    1.910000
  1   0.000000  -1.0  0   2.10E+01  0                            2 LE    70.0000 %EC     GE    30.0000 %A     
  2   0.210000  -1.0  0             1                            0
                                          1      0.210  0.000E+00  0.000E+00  0.000E+00
244Es  244   99    3    0    1    1    6.825000    2.120000
  1   0.000000  -1.0  0   3.70E+01  0                            2 =     96.0000 %EC     =      4.0000 %A     
  2   0.200000  -1.0  0             0                            0
  3   0.240000  -1.0  0             0                            0
245Es  245   99    2    0    1    1    7.650001    2.370000
  1   0.000000   1.5 -1   6.60E+01  0                    (3/2-)  2 =     60.0000 %EC     =     40.0000 %A     
  2   0.300000  -1.0  0             0                            0
246Es  246   99    3    0    1    1    6.500000    2.700000
  1   0.000000  -1.0  0   4.62E+02  0                            2 =     90.1000 %EC+%B+ =      9.9000 %A     
  2   0.350000  -1.0  0             0                            0
  3   0.430000  -1.0  0             0                            0
247Es  247   99    2    0    1    1    7.360000    2.770000
  1   0.000000   3.5  1   2.73E+02  0                    (7/2+)  2 AP    93.0000 %EC     AP     7.0000 %A     
  2   0.400000  -1.0  0             0                            0
248Es  248   99    1    0    1    1    6.387000    3.129000
  1   0.000000  -1.0  0   1.62E+03  0                   (2-,0+)  2 =     99.7000 %EC     AP     0.2500 %A     
249Es  249   99    1    0    1    1    7.190001    3.350000
  1   0.000000   3.5  1   6.13E+03  0                      7/2+  2 =     99.4000 %EC+%B+ =      0.5700 %A     
250Es  250   99    1    0    1    1    5.976000    3.742000
  1   0.000000   6.0  1   3.10E+04  0                      (6+)  2 >     97.0000 %EC     <      3.0000 %A     
251Es  251   99   25   38    1    1    6.790000    3.949000
  1   0.000000   1.5 -1   1.19E+05  0                    (3/2-)  2 =     99.5000 %EC     =      0.5000 %A     
  2   0.008400   3.5  1             1                    (7/2+)  0
                                          1      0.008  0.000E+00  0.000E+00  3.921E+06
  3   0.031700   2.5 -1             0                    (5/2-)  0
  4   0.055800   4.5  1             1                    (9/2+)  0
                                          2      0.047  0.000E+00  0.000E+00  1.140E+02
  5   0.076200   3.5 -1             0                    (7/2-)  0
  6   0.114100   5.5  1             0                   (11/2+)  0
  7   0.182500   6.5  1             0                   (13/2+)  0
  8   0.263000   7.5  1             0                   (15/2+)  0
  9   0.411000   0.5 -1             0                    (1/2-)  0
 10   0.452000   2.5 -1             0                    (5/2-)  0
 11   0.461500   3.5 -1             4                    (7/2-)  0
                                          5      0.385  1.070E-02  2.161E-02  1.020E+00
                                          4      0.406  3.463E-01  3.747E-01  8.200E-02
                                          3      0.430  2.903E-02  4.645E-02  6.000E-01
                                          2      0.453  5.093E-01  5.572E-01  9.400E-02
 12   0.515500  -1.0  0             0                            0
 13   0.523000   4.5 -1             0                    (9/2-)  0
 14   0.548000   3.5 -1             0                    (7/2-)  0
 15   0.548000   4.5 -1             0                    (9/2-)  0
 16   0.661000   0.5  1             0                    (1/2+)  0
 17   0.778000   4.5  1             3                    (9/2+)  0
                                          6      0.664  2.978E-02  3.365E-02  1.300E-01
                                          4      0.722  1.454E-01  1.658E-01  1.400E-01
                                          2      0.770  6.925E-01  8.006E-01  1.560E-01
 18   0.889100   5.5  1             4                   (11/2+)  0
                                          7      0.706  8.105E-03  9.702E-03  1.970E-01
                                          6      0.775  2.822E-02  3.232E-02  1.451E-01
                                          4      0.833  2.099E-01  2.189E-01  4.300E-02
                                          2      0.881  7.237E-01  7.391E-01  2.130E-02
 19   0.942000   6.5  1             0                   (13/2+)  0
 20   0.957500   6.5  1             4                   (13/2+)  0
                                          8      0.695  4.751E-02  5.675E-02  1.945E-01
                                          7      0.775  1.267E-01  1.451E-01  1.451E-01
                                          6      0.843  3.642E-01  3.948E-01  8.400E-02
                                          4      0.902  3.959E-01  4.034E-01  1.884E-02
 21   1.239000   5.5  1             7                   (11/2+)  0
                                         20      0.281  2.794E-02  8.660E-02  2.100E+00
                                         18      0.350  3.248E-01  7.569E-01  1.330E+00
                                         17      0.461  3.573E-02  5.806E-02  6.250E-01
                                          7      1.056  2.274E-03  2.418E-03  6.349E-02
                                          6      1.125  1.072E-02  1.129E-02  5.361E-02
                                          4      1.183  2.859E-02  2.992E-02  4.682E-02
                                          2      1.231  5.425E-02  5.482E-02  1.059E-02
 22   1.264900   5.5  1             6                   (11/2+)  0
                                         20      0.307  3.585E-02  9.214E-02  1.570E+00
                                         18      0.376  3.696E-01  7.725E-01  1.090E+00
                                         17      0.487  1.109E-02  1.705E-02  5.379E-01
                                          6      1.151  1.515E-02  1.592E-02  5.041E-02
                                          4      1.209  3.511E-02  3.666E-02  4.415E-02
                                          2      1.257  6.505E-02  6.572E-02  1.019E-02
 23   1.301400  -1.0  0             2           (7/2+,9/2,11/2)  0
                                          4      1.246  1.379E-01  1.379E-01  0.000E+00
                                          2      1.293  8.621E-01  8.621E-01  0.000E+00
 24   1.307200  -1.0  0             3          (7/2+,9/2,11/2+)  0
                                          6      1.193  1.265E-01  1.265E-01  0.000E+00
                                          4      1.251  2.711E-01  2.711E-01  0.000E+00
                                          2      1.299  6.024E-01  6.024E-01  0.000E+00
 25   1.357000  -1.0  0             3          (7/2+,9/2,11/2+)  0
                                          6      1.243  2.833E-01  2.833E-01  0.000E+00
                                          4      1.301  5.382E-01  5.382E-01  0.000E+00
                                          2      1.349  1.785E-01  1.785E-01  0.000E+00
252Es  252   99    8    4    1    1    5.290000    4.130000
  1   0.000000   5.0 -1   4.08E+07  0                      (5-)  2 =     22.0000 %EC     =     78.0000 %A     
  2   0.092000  -1.0  0             0                            0
  3   0.157000  -1.0  0             0                            0
  4   0.234000  -1.0  0             0                            0
  5   0.309000  -1.0  0             0                            0
  6   0.430000  -1.0  0             1                            0
                                          5      0.123  0.000E+00  0.000E+00  0.000E+00
  7   0.536000   1.0 -1             2                      (1-)  0
                                          6      0.099  0.000E+00  0.000E+00  0.000E+00
                                          3      0.379  0.000E+00  0.000E+00  0.000E+00
  8   0.600000  -1.0  0             1                            0
                                          3      0.445  0.000E+00  0.000E+00  0.000E+00
253Es  253   99    8    6    1    1    6.350000    4.309000
  1   0.000000   3.5  1   1.77E+06  0                      7/2+  2 =    100.0000 %A      =      0.0000 %SF    
  2   0.046400   4.5  1             1                    (9/2+)  0
                                          1      0.046  1.093E-02  1.000E+00  9.048E+01
  3   0.080000   5.5  1             0                   (11/2+)  0
  4   0.106000   1.5 -1             1                    (3/2-)  0
                                          1      0.106  1.471E-02  1.000E+00  6.700E+01
  5   0.139000   2.5 -1             0                    (5/2-)  0
  6   0.181300   3.5 -1             1                    (7/2-)  0
                                          1      0.181  8.754E-01  1.000E+00  1.424E-01
  7   0.371400   3.5 -1             2                    (7/2-)  0
                                          2      0.325  1.682E-01  1.749E-01  4.004E-02
                                          1      0.371  8.007E-01  8.251E-01  3.047E-02
  8   0.435000   4.5 -1             1                    (9/2-)  0
                                          2      0.389  9.729E-01  1.000E+00  2.782E-02
254Es  254   99   10   12    1    1    5.093000    4.598000
  1   0.000000   7.0  1   2.38E+07  0                      (7+)  4 ?      0.0000 %EC     AP   100.0000 %A      =      0.0002 %B-     <      0.0000 %SF    
  2   0.080100   8.0  1             1                      (8+)  0
                                          1      0.080  0.000E+00  0.000E+00  1.965E+01
  3   0.084200   2.0  1   1.42E+05  0                        2+  5 =      0.0760 %EC     =      0.3200 %A      =     98.0000 %B-     <      3.0000 %IT     <      0.0450 %SF    
  4   0.171100   9.0  1             2                      (9+)  0
                                          2      0.091  3.637E-02  5.294E-01  1.356E+01
                                          1      0.171  1.399E-01  4.706E-01  2.364E+00
  5   0.214700  -1.0  0             0                            0
  6   0.289900  -1.0  0             0                            0
  7   0.376800  -1.0  0             3                            0
                                          4      0.206  1.438E-01  1.438E-01  0.000E+00
                                          2      0.297  6.536E-01  6.536E-01  0.000E+00
                                          1      0.377  2.026E-01  2.026E-01  0.000E+00
  8   0.402000  -1.0  0             0                            0
  9   0.447900   8.0 -1             4                      (8-)  0
                                          7      0.071  4.700E-02  4.700E-02  0.000E+00
                                          4      0.277  1.187E-01  1.253E-01  5.614E-02
                                          2      0.368  5.875E-01  6.057E-01  3.108E-02
                                          1      0.448  2.174E-01  2.219E-01  2.100E-02
 10   0.469200  -1.0  0             2                            0
                                          4      0.298  3.197E-01  3.197E-01  0.000E+00
                                          2      0.389  6.803E-01  6.803E-01  0.000E+00
255Es  255   99    1    0    1    1    5.975000    4.541000
  1   0.000000   3.5  1   3.44E+06  0                    (7/2+)  3 =      8.0000 %A      =     92.0000 %B-     =      0.0041 %SF    
256Es  256   99    1    0    1    1    4.974000    4.912000
  1   0.000000  -1.0  0   1.52E+03  0                   (1+,0-)  1 =    100.0000 %B-    
257Es  257   99    1    0    1    1    5.800000    4.900000
  1   0.000000  -1.0  0   6.65E+05  0                            2 ?      0.0000 %B-     ?      0.0000 %SF    
