242Fm  242  100    1    0    1    1    0.000000    2.850000
  1   0.000000   0.0  1   8.00E-04  0                        0+  1 LE   100.0000 %SF    
243Fm  243  100    1    0    1    1    7.710001    3.000000
  1   0.000000   3.5  1   1.80E-01  0                    (7/2+)  1 LE   100.0000 %A     
244Fm  244  100    1    0    1    1    8.475000    3.150000
  1   0.000000   0.0  1   3.30E-03  0                        0+  1 LE   100.0000 %SF    
245Fm  245  100    1    0    1    1    7.020000    3.150000
  1   0.000000  -1.0  0   4.20E+00  0                            1 LE   100.0000 %A     
246Fm  246  100    1    0    1    1    8.200001    3.600000
  1   0.000000   0.0  1   1.10E+00  0                        0+  3 LE     1.0000 %EC     =     92.0000 %A      =      8.0000 %SF    
247Fm  247  100    1    0    1    1    6.630000    3.610000
  1   0.000000  -1.0  0   3.50E+01  0                            2 LE    50.0000 %EC+%B+ GE    50.0000 %A     
248Fm  248  100    2    0    1    2    7.731000    3.996000
  1   0.000000   0.0  1   3.60E+01  0                        0+  3 =      7.0000 %EC     =     93.0000 %A      =      0.1000 %SF    
  2   0.044000   2.0  1             0                        2+  0
249Fm  249  100    5    0    1    1    6.360000    3.970000
  1   0.000000   3.5  1   1.56E+02  0                    (7/2+)  2 =     67.0000 %EC+%B+ =     33.0000 %A     
  2   0.125000  -1.0  0             0                            0
  3   0.207000  -1.0  0             0                            0
  4   0.233000  -1.0  0             0                            0
  5   0.260000  -1.0  0             0                            0
250Fm  250  100    1    0    1    1    7.610000    4.390000
  1   0.000000   0.0  1   1.80E+03  0                        0+  3 <     10.0000 %EC     >     90.0000 %A      =      0.0069 %SF    
251Fm  251  100   10    2    1    1    6.158000    4.530000
  1   0.000000   4.5 -1   1.91E+04  0                    (9/2-)  2 =     98.2000 %EC+%B+ =      1.8000 %A     
  2   0.047000   5.5 -1             0                   (11/2-)  0
  3   0.191000   2.5  1   1.52E-05  1                    (5/2+)  0
                                          1      0.191  3.247E-02  1.000E+00  2.980E+01
  4   0.239000   3.5  1             0                    (7/2+)  0
  5   0.310000   4.5  1             0                    (9/2+)  0
  6   0.378000   3.5  1             1                    (7/2+)  0
                                          3      0.187  0.000E+00  0.000E+00  5.100E+00
  7   0.440000   4.5  1             0                    (9/2+)  0
  8   0.550000  -1.0  0             0               (1/2+,3/2+)  0
  9   0.604000   2.5  1             0                    (5/2+)  0
 10   0.703000  -1.0  0             0                            0
252Fm  252  100    2    0    1    2    7.241000    4.984000
  1   0.000000   0.0  1   9.14E+04  0                        0+  2 =    100.0000 %A      =      0.0023 %SF    
  2   0.046600   2.0  1             0                        2+  0
253Fm  253  100    5    7    1    1    5.539000    5.230000
  1   0.000000   0.5  1   2.59E+05  0                      1/2+  2 =     88.0000 %EC     =     12.0000 %A     
  2   0.022300   1.5  1             1                    (3/2+)  0
                                          1      0.022  0.000E+00  0.000E+00  1.779E+02
  3   0.047100   2.5  1             2                    (5/2+)  0
                                          2      0.025  0.000E+00  0.000E+00  1.297E+02
                                          1      0.047  0.000E+00  0.000E+00  8.883E+02
  4   0.124100   1.5  1             3                      3/2+  0
                                          3      0.077  2.637E-02  6.751E-01  2.460E+01
                                          2      0.102  1.503E-02  1.789E-01  1.090E+01
                                          1      0.124  2.057E-02  1.460E-01  6.100E+00
  5   0.158700   2.5  1             1                    (5/2+)  0
                                          2      0.136  1.754E-01  1.000E+00  4.700E+00
254Fm  254  100    5    8    1    4    6.517000    5.398500
  1   0.000000   0.0  1   1.17E+04  0                        0+  2 =     99.9000 %A      =      0.0592 %SF    
  2   0.045000   2.0  1             1                        2+  0
                                          1      0.045  0.000E+00  0.000E+00  1.108E+03
  3   0.149350   4.0  1             1                        4+  0
                                          2      0.104  0.000E+00  0.000E+00  2.240E+01
  4   0.693670   2.0  1             3                        2+  0
                                          3      0.544  1.577E-02  1.675E-02  6.190E-02
                                          2      0.649  5.087E-01  5.300E-01  4.200E-02
                                          1      0.694  4.375E-01  4.532E-01  3.600E-02
  5   0.733650   3.0  1             3                      (3)+  0
                                          4      0.040  0.000E+00  0.000E+00  1.997E+03
                                          3      0.584  1.811E-01  1.907E-01  5.300E-02
                                          2      0.689  7.805E-01  8.093E-01  3.700E-02
255Fm  255  100    2    1    1    1    5.177000    5.482000
  1   0.000000   3.5  1   7.23E+04  0                      7/2+  2 =    100.0000 %A      =      0.0000 %SF    
  2   0.060000   4.5  1             1                    (9/2+)  0
                                          1      0.060  0.000E+00  0.000E+00  5.108E+01
256Fm  256  100   24   49    1    5    6.384000    5.892000
  1   0.000000   0.0  1   9.46E+03  0                        0+  2 =      8.1000 %A      =     91.9000 %SF    
  2   0.048300   2.0  1             1                        2+  0
                                          1      0.048  0.000E+00  0.000E+00  7.864E+02
  3   0.159900   4.0  1             1                        4+  0
                                          2      0.112  0.000E+00  0.000E+00  1.643E+01
  4   0.332600   6.0  1             1                        6+  0
                                          3      0.173  0.000E+00  0.000E+00  2.476E+00
  5   0.563700   8.0  1             1                        8+  0
                                          4      0.231  0.000E+00  0.000E+00  7.961E-01
  6   0.682300   2.0  1             2                      (2+)  0
                                          2      0.634  4.673E-01  4.859E-01  3.981E-02
                                          1      0.682  4.971E-01  5.141E-01  3.428E-02
  7   0.725800   3.0  1             2                      (3+)  0
                                          3      0.566  1.802E-01  1.893E-01  5.054E-02
                                          2      0.678  7.835E-01  8.107E-01  3.477E-02
  8   0.783400   4.0  1             2                      (4+)  0
                                          4      0.451  1.098E-01  1.207E-01  9.988E-02
                                          3      0.624  8.445E-01  8.793E-01  4.121E-02
  9   0.853700   5.0  1             1                      (5+)  0
                                          3      0.694  0.000E+00  0.000E+00  3.314E-02
 10   0.881800   2.0 -1             3                      (2-)  0
                                          7      0.156  1.141E-02  1.372E-02  2.029E-01
                                          6      0.199  1.977E-01  2.209E-01  1.173E-01
                                          2      0.834  7.603E-01  7.654E-01  6.663E-03
 11   0.922600   3.0 -1             3                      (3-)  0
                                          8      0.141  2.773E-02  2.958E-02  6.670E-02
                                          7      0.197  2.427E-01  2.717E-01  1.199E-01
                                          3      0.763  6.933E-01  6.987E-01  7.772E-03
 12   0.939200   6.0  1             1                      (6+)  0
                                          4      0.607  0.000E+00  0.000E+00  4.364E-02
 13   0.978500   4.0 -1             1                      (4-)  0
                                          7      0.253  0.000E+00  0.000E+00  6.973E-02
 14   1.039400   7.0  1             2                      (7+)  0
                                          9      0.186  1.328E-01  3.773E-01  1.842E+00
                                          4      0.707  6.034E-01  6.227E-01  3.193E-02
 15   1.045500   5.0 -1             2                      (5-)  0
                                         13      0.067  0.000E+00  0.000E+00  1.786E+02
                                          9      0.192  0.000E+00  0.000E+00  1.275E-01
 16   1.100000   3.0  1             7                      (3+)  0
                                         11      0.178  6.940E-02  7.986E-02  1.507E-01
                                         10      0.218  3.653E-01  4.004E-01  9.613E-02
                                          8      0.316  6.575E-02  8.372E-02  2.733E-01
                                          7      0.374  9.132E-02  1.064E-01  1.656E-01
                                          6      0.418  9.862E-02  1.107E-01  1.222E-01
                                          3      0.940  5.114E-02  5.208E-02  1.840E-02
                                          2      1.052  1.644E-01  1.668E-01  1.495E-02
 17   1.123500   6.0 -1             2                      (6-)  0
                                         15      0.078  0.000E+00  0.000E+00  8.702E+01
                                          9      0.270  0.000E+00  0.000E+00  6.079E-02
 18   1.150300   8.0  1             2                      (8+)  0
                                         12      0.211  0.000E+00  0.000E+00  1.115E+00
                                          5      0.587  0.000E+00  0.000E+00  4.682E-02
 19   1.150800   4.0  1             1                      (4+)  0
                                         16      0.051  0.000E+00  0.000E+00  6.716E+02
 20   1.214000   7.0 -1             1                      (7-)  0
                                         17      0.091  0.000E+00  0.000E+00  4.330E+01
 21   1.251900   5.0  1             3                      (5+)  0
                                          9      0.397  2.743E-01  3.127E-01  1.401E-01
                                          8      0.468  3.345E-01  3.648E-01  9.055E-02
                                          7      0.526  3.044E-01  3.225E-01  5.931E-02
 22   1.328700   6.0  1             2                      (6+)  0
                                         21      0.077  0.000E+00  0.000E+00  9.362E+01
                                         19      0.178  0.000E+00  0.000E+00  2.184E+00
 23   1.425500   7.0 -1   7.00E-08  7                      (7-)  0
                                         22      0.097  6.980E-02  8.186E-02  1.728E-01
                                         20      0.211  2.362E-02  4.996E-02  1.115E+00
                                         18      0.275  3.114E-02  3.295E-02  5.809E-02
                                         17      0.302  2.255E-02  2.970E-02  3.169E-01
                                         15      0.380  1.020E-02  1.182E-02  1.585E-01
                                          5      0.862  5.369E-01  5.403E-01  6.292E-03
                                          4      1.093  2.524E-01  2.534E-01  4.214E-03
 24   1.560200  -1.0  0             1                            0
                                         23      0.135  0.000E+00  0.000E+00  0.000E+00
257Fm  257  100    1    0    1    1    4.967000    5.890000
  1   0.000000   4.5  1   8.68E+06  0                    (9/2+)  2 =     99.8000 %A      =      0.2100 %SF    
258Fm  258  100    1    0    1    1    6.240000    6.270000
  1   0.000000   0.0  1   3.70E-04  0                        0+  1 LE   100.0000 %SF    
259Fm  259  100    1    0    1    1    4.800000    0.000000
  1   0.000000  -1.0  0   1.50E+00  0                            1 =    100.0000 %SF    
