245Md  245  101    2    0    1    1    0.000000    0.820000
  1   0.000000   0.5 -1   9.00E-04  0                    (1/2-)  2 ?      0.0000 %A      ?      0.0000 %SF    
  2   0.300000  -1.0  0   3.50E-01  0                            2 ?      0.0000 %EC+%B+ ?      0.0000 %A     
246Md  246  101    1    0    1    1    7.200000    1.200000
  1   0.000000  -1.0  0   1.00E+00  0                            3 LT     0.0000 %EC+%B+ LT     0.0000 %A      ?      0.0000 %SF    
247Md  247  101    1    0    1    1    8.310000    1.390000
  1   0.000000  -1.0  0   1.12E+00  0                            1 LE   100.0000 %A     
248Md  248  101    1    0    1    1    7.042000    1.616000
  1   0.000000  -1.0  0   7.00E+00  0                            2 =     80.0000 %EC     =     20.0000 %A     
249Md  249  101    1    0    1    1    8.000000    1.870000
  1   0.000000  -1.0  0   2.40E+01  0                            2 LE    40.0000 %EC+%B+ LT    60.0000 %A     
250Md  250  101    3    0    1    1    6.690001    2.200000
  1   0.000000  -1.0  0   5.20E+01  0                            2 =     93.0000 %EC     =      7.0000 %A     
  2   0.250000  -1.0  0             0                            0
  3   0.310000  -1.0  0             0                            0
251Md  251  101    3    0    1    1    7.680000    2.340000
  1   0.000000  -1.0  0   2.40E+02  0                            2 GE    90.0000 %EC+%B+ LE    10.0000 %A     
  2   0.107000  -1.0  0             0                            0
  3   0.127000  -1.0  0             0                            0
252Md  252  101    7    0    1    1    6.468000    2.645000
  1   0.000000  -1.0  0   1.38E+02  0                            1 LE   100.0000 %EC    
  2   0.056000  -1.0  0             0                            0
  3   0.165000  -1.0  0             0                            0
  4   0.211000  -1.0  0             0                            0
  5   0.253000  -1.0  0             0                            0
  6   0.294000  -1.0  0             0                            0
  7   0.366000  -1.0  0             0                            0
253Md  253  101    3    0    1    1    7.400001    2.810000
  1   0.000000   0.5 -1   3.60E+02  0                    (1/2-)  2 LE   100.0000 %EC+%B+ GE     0.0000 %A     
  2   0.060000  -1.0  0             0                            0
  3   0.125000  -1.0  0             0                            0
254Md  254  101    5    0    1    1    5.860000    3.120000
  1   0.000000  -1.0  0   6.00E+02  0                            1 LE   100.0000 %EC    
  2   0.083000  -1.0  0             0                            0
  3   0.114000  -1.0  0             0                            0
  4   0.144000  -1.0  0             0                            0
  5   0.175000  -1.0  0             0                            0
255Md  255  101    2    0    1    1    6.810000    3.351000
  1   0.000000   3.5 -1   1.62E+03  0                    (7/2-)  2 =     92.0000 %EC     =      8.0000 %A     
  2   0.100000  -1.0  0             0                            0
256Md  256  101    2    0    1    1    5.298000    3.472000
  1   0.000000   1.0 -1   4.62E+03  0                      (1-)  3 =     90.8000 %EC     =      9.2000 %A      LT     3.0000 %SF    
  2   0.145000  -1.0  0             0                            0
257Md  257  101    1    0    1    1    6.690001    3.779000
  1   0.000000   3.5 -1   1.99E+04  0                    (7/2-)  3 =     85.0000 %EC     =     15.0000 %A      <      4.0000 %SF    
258Md  258  101    1    0    1    1    5.379000    4.190000
  1   0.000000  -1.0  0   4.45E+06  0                            2 =    100.0000 %A      LE     0.0030 %B-    
259Md  259  101    1    0    1    1    6.140000    4.100000
  1   0.000000  -1.0  0   5.76E+03  0                            2 <      1.3000 %A      AP   100.0000 %SF    
260Md  260  101    1    0    1    1    5.144000    4.442000
  1   0.000000  -1.0  0   2.75E+06  0                            4 LE    23.0000 %EC     LE    25.0000 %A      LE    10.0000 %B-     GE    42.0000 %SF    
