250No  250  102    2    0    1    1    8.370001    3.100000
  1   0.000000   0.0  1   4.20E-06  0                        0+  2 <      2.0000 %A      AP   100.0000 %SF    
  2   1.050000   6.0  1   4.60E-05  0                      (6+)  1 AP   100.0000 %SF    
251No  251  102    6    5    1    1    6.670001    3.010000
  1   0.000000   3.5  1   8.00E-01  0                    (7/2+)  3 ?      0.0000 %EC+%B+ =     84.0000 %A      <      0.3000 %SF    
  2   0.060700   4.5  1             1                    (9/2+)  0
                                          1      0.061  0.000E+00  0.000E+00  5.707E+01
  3   0.106000   0.5  1   1.02E+00  0                    (1/2+)  1 AP   100.0000 %A     
  4   0.203600   4.5 -1             2                    (9/2-)  0
                                          2      0.143  4.689E-01  4.986E-01  6.330E-02
                                          1      0.204  4.501E-01  5.014E-01  1.139E-01
  5   0.917200   3.5  1             1                    (7/2+)  0
                                          4      0.714  0.000E+00  0.000E+00  9.376E-03
  6   1.699700  -1.0  0             1                            0
                                          5      0.783  0.000E+00  0.000E+00  0.000E+00
252No  252  102   11   10    1    1    8.104000    3.435000
  1   0.000000   0.0  1   2.44E+00  0                        0+  0
  2   0.046400   2.0  1             1                      (2+)  0
                                          1      0.046  0.000E+00  0.000E+00  1.132E+03
  3   0.153800   4.0  1             1                      (4+)  0
                                          2      0.107  0.000E+00  0.000E+00  2.145E+01
  4   0.320700   6.0  1             1                      (6+)  0
                                          3      0.167  2.445E-01  1.000E+00  3.090E+00
  5   0.544500   8.0  1             1                      (8+)  0
                                          4      0.224  5.076E-01  1.000E+00  9.700E-01
  6   0.821700  10.0  1             1                     (10+)  0
                                          5      0.277  6.868E-01  1.000E+00  4.560E-01
  7   1.150100  12.0  1             1                     (12+)  0
                                          6      0.328  7.911E-01  1.000E+00  2.640E-01
  8   1.525600  14.0  1             1                     (14+)  0
                                          7      0.376  8.489E-01  1.000E+00  1.780E-01
  9   1.942300  16.0  1             1                     (16+)  0
                                          8      0.417  8.818E-01  1.000E+00  1.340E-01
 10   2.395500  18.0  1             1                     (18+)  0
                                          9      0.453  9.033E-01  1.000E+00  1.070E-01
 11   2.879200  20.0  1             1                     (20+)  0
                                         10      0.484  9.166E-01  1.000E+00  9.100E-02
253No  253  102    2    0    1    1    6.490000    3.450000
  1   0.000000   4.5 -1   9.72E+01  0                    (9/2-)  2 GE     0.0000 %EC+%B+ LE   100.0000 %A     
  2   0.054000   5.5 -1             0                   (11/2-)  0
254No  254  102   11   10    1    6    7.810000    3.870000
  1   0.000000   0.0  1   5.10E+01  0                        0+  3 =     10.0000 %EC     =     90.0000 %A      =      0.1700 %SF    
  2   0.044200   2.0  1             1                        2+  0
                                          1      0.044  0.000E+00  0.000E+00  1.431E+03
  3   0.145300   4.0  1             1                        4+  0
                                          2      0.101  0.000E+00  0.000E+00  2.831E+01
  4   0.304200   6.0  1             1                        6+  0
                                          3      0.159  0.000E+00  0.000E+00  3.793E+00
  5   0.518300   8.0  1             1                        8+  0
                                          4      0.214  0.000E+00  0.000E+00  1.149E+00
  6   0.785500  10.0  1             1                       10+  0
                                          5      0.267  0.000E+00  0.000E+00  5.164E-01
  7   1.103700  12.0  1             1                     (12+)  0
                                          6      0.318  0.000E+00  0.000E+00  2.917E-01
  8   1.470200  14.0  1             1                     (14+)  0
                                          7      0.367  0.000E+00  0.000E+00  1.912E-01
  9   1.884200  16.0  1             1                     (16+)  0
                                          8      0.414  0.000E+00  0.000E+00  1.363E-01
 10   2.340200  18.0  1             1                     (18+)  0
                                          9      0.456  0.000E+00  0.000E+00  1.059E-01
 11   2.839000  20.0  1             1                     (20+)  0
                                         10      0.498  0.000E+00  0.000E+00  8.509E-02
255No  255  102    1    0    1    1    5.944000    4.020000
  1   0.000000   0.5  1   1.86E+02  0                    (1/2+)  2 =     39.0000 %EC+%B+ =     61.0000 %A     
256No  256  102    1    0    1    1    7.099000    4.308000
  1   0.000000   0.0  1   2.91E+00  0                        0+  2 =     99.5000 %A      =      0.5300 %SF    
257No  257  102    1    0    1    1    5.670000    4.680000
  1   0.000000   3.5  1   2.50E+01  0                    (7/2+)  1 LE   100.0000 %A     
258No  258  102    1    0    1    1    6.820000    4.810000
  1   0.000000   0.0  1   1.20E-03  0                        0+  1 LE   100.0000 %SF    
259No  259  102    1    0    1    1    5.440000    4.870000
  1   0.000000  -1.0  0   3.48E+03  0                            3 =     25.0000 %EC+%B+ =     75.0000 %A      <     10.0000 %SF    
260No  260  102    1    0    1    1    6.570000    5.302000
  1   0.000000   0.0  1   1.06E-01  0                        0+  1 =    100.0000 %SF    
262No  262  102    1    0    1    1    6.420000    0.000000
  1   0.000000   0.0  1   5.00E-03  0                        0+  1 =    100.0000 %SF    
