252Lr  252  103    4    0    1    1    7.130000    1.366000
  1   0.000000  -1.0  0   3.60E-01  0                            3 ?      0.0000 %EC+%B+ ?      0.0000 %A      ?      0.0000 %SF    
  2   0.046000  -1.0  0             0                            0
  3   0.108000  -1.0  0             0                            0
  4   0.233000  -1.0  0             0                            0
253Lr  253  103    2    0    1    1    8.220000    1.480000
  1   0.000000   3.5 -1   5.70E-01  0                    (7/2-)  2 AP    98.7000 %A      AP     1.3000 %SF    
  2   0.107000   4.5 -1             0                    (9/2-)  0
254Lr  254  103    6    0    1    1    6.910000    1.910000
  1   0.000000  -1.0  0   1.30E+01  0                            3 =     24.0000 %EC     =     76.0000 %A      <      0.1000 %SF    
  2   0.100000  -1.0  0             0                            0
  3   0.205000  -1.0  0             0                            0
  4   0.240000  -1.0  0             0                            0
  5   0.325000  -1.0  0             0                            0
  6   0.396000  -1.0  0             0                            0
255Lr  255  103    1    0    1    1    7.900001    1.870000
  1   0.000000  -1.0  0   2.20E+01  0                            2 <     30.0000 %EC+%B+ =     85.0000 %A     
256Lr  256  103    4    0    1    1    6.214000    2.137000
  1   0.000000  -1.0  0   2.70E+01  0                            3 =     15.0000 %EC     =     85.0000 %A      <      0.0300 %SF    
  2   0.108000  -1.0  0             0                            0
  3   0.154000  -1.0  0             0                            0
  4   0.188000  -1.0  0             0                            0
257Lr  257  103    2    0    1    1    7.300000    2.320000
  1   0.000000  -1.0  0   6.46E-01  0                            1 LE   100.0000 %A     
  2   0.150000  -1.0  0             0                            0
258Lr  258  103    1    0    1    1    5.950000    2.600000
  1   0.000000  -1.0  0   4.10E+00  0                            1 >     95.0000 %A     
259Lr  259  103    1    0    1    1    7.040000    2.830000
  1   0.000000  -1.0  0   6.20E+00  0                            2 =     78.0000 %A      =     22.0000 %SF    
260Lr  260  103    1    0    1    1    5.666000    3.052000
  1   0.000000  -1.0  0   1.80E+02  0                            2 <     40.0000 %EC     =     80.0000 %A     
261Lr  261  103    1    0    1    1    6.800000    3.300000
  1   0.000000  -1.0  0   2.34E+03  0                            1 ?      0.0000 %SF    
262Lr  262  103    1    0    1    1    5.510000    3.610000
  1   0.000000  -1.0  0   1.44E+04  0                            3 ?      0.0000 %EC+%B+ ?      0.0000 %A      <     10.0000 %SF    
