253Rf  253  104    1    0    1    1    0.000000    2.340000
  1   0.000000   3.5  1   1.10E-02  0                    (7/2+)  2 ?      0.0000 %A      LT     0.0000 %SF    
254Rf  254  104    1    0    1    1    8.540000    2.660000
  1   0.000000   0.0  1   2.30E-05  0                        0+  1 LE   100.0000 %SF    
255Rf  255  104    4    0    1    1    7.000000    2.740000
  1   0.000000   4.5 -1   1.68E+00  0                    (9/2-)  1 =      0.0000 %SF    
  2   0.060000  -1.0  0             0                            0
  3   0.320000  -1.0  0             0                            0
  4   0.660000  -1.0  0             0                            0
256Rf  256  104    2    0    1    1    8.362000    3.181000
  1   0.000000   0.0  1   6.40E-03  0                        0+  2 =      0.3200 %A      =     99.7000 %SF    
  2   0.051000   2.0  1             0                      (2+)  0
257Rf  257  104    1    0    1    1    6.300000    3.300000
  1   0.000000   0.5  1   4.70E+00  0                    (1/2+)  3 LT     0.0000 %EC+%B+ LT   100.0000 %A      LE     1.4000 %SF    
258Rf  258  104    1    0    1    1    7.610000    3.600000
  1   0.000000   0.0  1   1.20E-02  0                        0+  2 =     13.0000 %A      =     87.0000 %SF    
259Rf  259  104    1    0    1    1    6.150000    3.800000
  1   0.000000  -1.0  0   3.20E+00  0                            2 =     92.0000 %A      =      8.0000 %SF    
260Rf  260  104    1    0    1    1    7.321001    4.082000
  1   0.000000   0.0  1   2.10E-02  0                        0+  1 LE   100.0000 %SF    
261Rf  261  104    4    0    1    1    5.910000    4.330000
  1   0.000000  -1.0  0   6.50E+01  0                            3 <     15.0000 %EC+%B+ >     80.0000 %A      <     10.0000 %SF    
  2   0.100000   4.5  1             0                    (9/2+)  0
  3   0.180000  -1.0  0             0                            0
  4   0.250000  -1.0  0             0                            0
262Rf  262  104    2    0    1    1    6.985000    4.516000
  1   0.000000   0.0  1   2.30E+00  0                        0+  1 LE   100.0000 %SF    
  2   0.254000  -1.0  0             0                            0
263Rf  263  104    1    0    1    1    5.600000    4.600000
  1   0.000000  -1.0  0   6.00E+02  0                            2 =     30.0000 %A      ?      0.0000 %SF    
265Rf  265  104    1    0    1    1    5.560000    5.210000
  1   0.000000  -1.0  0             0                            0
267Rf  267  104    1    0    1    1    4.740000    5.220000
  1   0.000000  -1.0  0             0                            0
