255Db  255  105    1    0    1    1    0.000000    0.550000
  1   0.000000  -1.0  0   1.60E+00  0                            2 AP    80.0000 %A      AP    20.0000 %SF    
256Db  256  105    1    0    1    1    7.408000    1.124000
  1   0.000000  -1.0  0   2.60E+00  0                            1 <    100.0000 %SF    
257Db  257  105    3    0    1    1    8.300000    1.070000
  1   0.000000  -1.0  0   7.60E-01  0                            2 GE    94.0000 %A      LE     6.0000 %SF    
  2   0.305000  -1.0  0             0                            0
  3   0.376000  -1.0  0             0                            0
258Db  258  105    1    0    1    1    6.600000    1.360000
  1   0.000000  -1.0  0   4.00E+00  0                            3 =     33.0000 %EC     =     67.0000 %A      <      1.0000 %SF    
259Db  259  105    1    0    1    1    7.800000    1.600000
  1   0.000000  -1.0  0             0                            0
260Db  260  105    3    0    1    1    6.483000    1.887000
  1   0.000000  -1.0  0   1.52E+00  0                            3 <      2.5000 %EC     GE    90.4000 %A      LE     9.6000 %SF    
  2   0.200000  -1.0  0             0                            0
  3   0.346000  -1.0  0             0                            0
261Db  261  105    1    0    1    1    7.400001    2.000000
  1   0.000000  -1.0  0   1.80E+00  0                            2 GE    82.0000 %A      LE    18.0000 %SF    
262Db  262  105    1    0    1    1    6.165000    2.258000
  1   0.000000  -1.0  0   3.50E+01  0                            1 AP    67.0000 %A     
263Db  263  105    1    0    1    1    7.210001    2.500000
  1   0.000000  -1.0  0   2.70E+01  0                            2 =     43.0000 %A      =     57.0000 %SF    
267Db  267  105    1    0    1    1    6.820000    3.170000
  1   0.000000  -1.0  0             0                            0
268Db  268  105    1    0    1    1    5.210000    3.640000
  1   0.000000  -1.0  0   1.15E+05  0                            1 AP   100.0000 %SF    
