258Sg  258  106    1    0    1    1    0.000000    2.360000
  1   0.000000   0.0  1   2.90E-03  0                        0+  1 LE   100.0000 %SF    
259Sg  259  106    1    0    1    1    6.700000    2.400000
  1   0.000000   0.5  1   4.80E-01  0                    (1/2+)  2 =     90.0000 %A      LT    20.0000 %SF    
260Sg  260  106    1    0    1    1    8.273001    2.898000
  1   0.000000   0.0  1   3.60E-03  0                        0+  2 =     50.0000 %A      =     50.0000 %SF    
261Sg  261  106    7    0    1    1    6.400000    2.800000
  1   0.000000  -1.0  0   2.30E-01  0                            2 AP   100.0000 %A      <      1.0000 %SF    
  2   0.056000  -1.0  0             0                            0
  3   0.127000  -1.0  0             0                            0
  4   0.156000  -1.0  0             0                            0
  5   0.185000  -1.0  0             0                            0
  6   0.212000  -1.0  0             0                            0
  7   0.396000  -1.0  0             0                            0
262Sg  262  106    1    0    1    1    7.810000    3.220000
  1   0.000000   0.0  1   6.90E-03  0                        0+  2 LE    22.0000 %A      GE    78.0000 %SF    
263Sg  263  106    1    0    1    1    6.400000    3.410000
  1   0.000000  -1.0  0   1.00E+00  0                            2 LT    70.0000 %A      LT    30.0000 %SF    
264Sg  264  106    1    0    1    1    7.500000    3.620000
  1   0.000000   0.0  1   3.70E-02  0                        0+  2 <     36.0000 %A      AP   100.0000 %SF    
265Sg  265  106    1    0    1    1    6.100000    3.900000
  1   0.000000   4.5  1   8.00E+00  0                    (9/2+)  2 GE    50.0000 %A      ?      0.0000 %SF    
266Sg  266  106    1    0    1    1    7.190001    4.060000
  1   0.000000   0.0  1   2.10E+01  0                        0+  2 LE    18.0000 %A      LE    50.0000 %SF    
271Sg  271  106    1    0    1    1    5.140000    4.720000
  1   0.000000  -1.0  0   1.44E+02  0                            2 AP    50.0000 %A      AP    50.0000 %SF    
