263Hs  263  108    1    0    1    1    0.000000    2.000000
  1   0.000000  -1.0  0             0                            1 LE   100.0000 %A     
264Hs  264  108    1    0    1    1    8.352000    2.387000
  1   0.000000   0.0  1   8.00E-04  0                        0+  2 AP    50.0000 %A      AP    50.0000 %SF    
265Hs  265  108    2    0    1    1    6.600000    2.400000
  1   0.000000  -1.0  0   2.00E-03  0                            2 AP   100.0000 %A      LE     1.0000 %SF    
  2   0.300000  -1.0  0   7.50E-04  0                            2 AP   100.0000 %A      LE     1.0000 %SF    
266Hs  266  108    3    0    1    1    8.060000    2.680000
  1   0.000000   0.0  1   2.30E-03  0                        0+  2 AP   100.0000 %A      <      1.4000 %SF    
  2   1.000000  -1.0  0             0                            0
  3   1.200000  -1.0  0             0                            0
267Hs  267  108    2    0    1    1    6.500000    2.770000
  1   0.000000  -1.0  0   5.20E-02  0                            2 GE    80.0000 %A      <     20.0000 %SF    
  2   0.057000  -1.0  0             0                            0
269Hs  269  108    1    0    1    1    6.310000    3.280000
  1   0.000000  -1.0  0   9.70E+00  0                            0
270Hs  270  108    1    0    1    1    7.250000    3.600000
  1   0.000000  -1.0  0   3.60E+00  0                            1 AP   100.0000 %A     
275Hs  275  108    1    0    1    1    5.540000    4.020000
  1   0.000000  -1.0  0   1.50E-01  0                            1 AP   100.0000 %A     
