267Ds  267  110    1    0    1    1    0.000000    0.730000
  1   0.000000  -1.0  0             0                            1 AP   100.0000 %A     
269Ds  269  110    1    0    1    1    6.830000    1.330000
  1   0.000000  -1.0  0             0                            1 AP   100.0000 %A     
270Ds  270  110    2    0    1    1    8.450001    2.010000
  1   0.000000   0.0  1   1.00E-04  0                        0+  2 AP   100.0000 %A      <      0.2000 %SF    
  2   1.130000  -1.0  0   6.00E-03  0                            2 >     70.0000 %A      ?     30.0000 %IT    
271Ds  271  110    1    0    1    1    6.820000    2.250000
  1   0.000000  -1.0  0   1.63E-03  0                            1 AP   100.0000 %A     
273Ds  273  110    2    0    1    1    5.700000    2.520000
  1   0.000000  -1.0  0   1.70E-04  0                            1 AP   100.0000 %A     
  2   0.283000  -1.0  0             0                            0
279Ds  279  110    1    0    1    1    5.840000    3.520000
  1   0.000000  -1.0  0   1.80E-01  0                            2 AP    10.0000 %A      AP    90.0000 %SF    
281Ds  281  110    1    0    1    1    5.960001    0.000000
  1   0.000000  -1.0  0   9.60E+00  0                            0
