27712  277  112    1    0    1    1    0.000000    2.210000
  1   0.000000  -1.0  0   6.90E-04  0                            1 AP   100.0000 %A     
28212  282  112    1    0    1    1    7.630001    3.200000
  1   0.000000  -1.0  0   5.00E-04  0                            1 AP   100.0000 %SF    
28312  283  112    1    0    1    1    6.180000    3.280000
  1   0.000000  -1.0  0   4.00E+00  0                            2 GE    90.0000 %A      LE    10.0000 %SF    
28412  284  112    1    0    1    1    7.520000    3.590000
  1   0.000000  -1.0  0   1.01E-01  0                            1 AP   100.0000 %SF    
28512  285  112    1    0    1    1    6.470000    0.000000
  1   0.000000  -1.0  0   3.40E+01  0                            1 AP   100.0000 %A     
